 1.16327100e-04
 1.18006892e-04
 1.19723333e-04
 1.21477498e-04
 1.23270499e-04
 1.25103493e-04
 1.16327100e-04
 1.18006892e-04
 1.19723333e-04
 1.21477498e-04
 1.23270499e-04
 1.25103493e-04
 1.26977676e-04
 1.28894293e-04
 1.30854635e-04
 1.32860041e-04
 1.34911903e-04
 1.37011667e-04
 1.39160837e-04
 1.41360974e-04
 1.43613704e-04
 1.45920714e-04
 1.48283764e-04
 1.50704684e-04
 1.53185377e-04
 1.55727830e-04
 1.58334108e-04
 1.61006367e-04
 1.63746851e-04
 1.66557905e-04
 1.69441971e-04
 1.72401600e-04
 1.75439455e-04
 1.78558318e-04
 1.81761094e-04
 1.85050820e-04
 1.88430674e-04
 1.91903978e-04
 1.95474208e-04
 1.99145005e-04
 2.02920181e-04
 2.06803733e-04
 2.10799848e-04
 2.14912919e-04
 2.19147555e-04
 2.23508593e-04
 2.28001116e-04
 2.32630462e-04
 2.37402245e-04
 2.42322368e-04
 2.47397044e-04
 2.52632815e-04
 2.58036573e-04
 2.63615581e-04
 2.69377500e-04
 2.75330414e-04
 2.81482859e-04
 2.87843853e-04
 2.94422928e-04
 3.01230170e-04
 3.08276252e-04
 3.15572479e-04
 3.23130833e-04
 3.30964023e-04
 3.39085538e-04
 3.47509702e-04
 3.56251743e-04
 3.65327857e-04
 3.74755286e-04
 3.84552396e-04
 3.94738774e-04
 4.05335317e-04
 4.16364346e-04
 4.27849720e-04
 4.39816967e-04
 4.52293425e-04
 4.65308399e-04
 4.78893333e-04
 4.93081998e-04
 5.07910706e-04
 5.23418539e-04
 5.39647611e-04
 5.56643349e-04
 5.74454814e-04
 5.93135057e-04
 6.12741510e-04
 6.33336433e-04
 6.54987405e-04
 6.77767883e-04
 7.01757820e-04
 7.27044374e-04
 7.53722697e-04
 7.81896830e-04
 8.11680725e-04
 8.43199393e-04
 8.76590218e-04
 9.12004463e-04
 9.49608979e-04
 9.89588176e-04
 1.03214629e-03
 1.07751000e-03
 1.12593144e-03
 1.17769171e-03
 1.23310501e-03
 1.29252333e-03
 1.35634215e-03
 1.42500697e-03
 1.49902114e-03
 1.57895510e-03
 1.66545738e-03
 1.75926787e-03
 1.86123360e-03
 1.97232799e-03
 2.09367416e-03
 2.22657340e-03
 2.37254023e-03
 2.53334573e-03
 2.71107153e-03
 2.90817750e-03
 3.12758732e-03
 3.37279757e-03
 3.64801785e-03
 3.95835270e-03
