 7.73885316e-04
 7.85060411e-04
 7.96479321e-04
 8.08149193e-04
 8.20077433e-04
 8.32271725e-04
 7.73885316e-04
 7.85060411e-04
 7.96479321e-04
 8.08149193e-04
 8.20077433e-04
 8.32271725e-04
 8.44740042e-04
 8.57490655e-04
 8.70532151e-04
 8.83873445e-04
 8.97523799e-04
 9.11492831e-04
 9.25790539e-04
 9.40427317e-04
 9.55413971e-04
 9.70761741e-04
 9.86482323e-04
 1.00258789e-03
 1.01909112e-03
 1.03600520e-03
 1.05334390e-03
 1.07112154e-03
 1.08935307e-03
 1.10805407e-03
 1.12724080e-03
 1.14693022e-03
 1.16714006e-03
 1.18788881e-03
 1.20919581e-03
 1.23108126e-03
 1.25356630e-03
 1.27667302e-03
 1.30042457e-03
 1.32484516e-03
 1.34996015e-03
 1.37579612e-03
 1.40238094e-03
 1.42974382e-03
 1.45791544e-03
 1.48692797e-03
 1.51681522e-03
 1.54761271e-03
 1.57935779e-03
 1.61208972e-03
 1.64584985e-03
 1.68068168e-03
 1.71663108e-03
 1.75374635e-03
 1.79207847e-03
 1.83168122e-03
 1.87261138e-03
 1.91492895e-03
 1.95869734e-03
 2.00398364e-03
 2.05085887e-03
 2.09939823e-03
 2.14968143e-03
 2.20179303e-03
 2.25582275e-03
 2.31186590e-03
 2.37002378e-03
 2.43040413e-03
 2.49312166e-03
 2.55829857e-03
 2.62606513e-03
 2.69656039e-03
 2.76993283e-03
 2.84634119e-03
 2.92595528e-03
 3.00895699e-03
 3.09554126e-03
 3.18591729e-03
 3.28030973e-03
 3.37896017e-03
 3.48212860e-03
 3.59009519e-03
 3.70316216e-03
 3.82165588e-03
 3.94592929e-03
 4.07636447e-03
 4.21337561e-03
 4.35741229e-03
 4.50896320e-03
 4.66856023e-03
 4.83678323e-03
 5.01426519e-03
 5.20169828e-03
 5.39984058e-03
 5.60952374e-03
 5.83166174e-03
 6.06726088e-03
 6.31743115e-03
 6.58339939e-03
 6.86652431e-03
 7.16831389e-03
 7.49044553e-03
 7.83478936e-03
 8.20343548e-03
 8.59872574e-03
 9.02329102e-03
 9.48009512e-03
 9.97248665e-03
 1.05042605e-02
 1.10797313e-02
 1.17038211e-02
 1.23821651e-02
 1.31212389e-02
 1.39285144e-02
 1.48126486e-02
 1.57837172e-02
 1.68535024e-02
 1.80358528e-02
 1.93471329e-02
 2.08067931e-02
 2.24380950e-02
 2.42690435e-02
 2.63335976e-02
