 1.03667192e-04
 1.05300689e-04
 1.06971999e-04
 1.08682282e-04
 1.10432741e-04
 1.12224627e-04
 1.03667192e-04
 1.05300689e-04
 1.06971999e-04
 1.08682282e-04
 1.10432741e-04
 1.12224627e-04
 1.14059236e-04
 1.15937919e-04
 1.17862077e-04
 1.19833168e-04
 1.21852708e-04
 1.23922276e-04
 1.26043512e-04
 1.28218126e-04
 1.30447897e-04
 1.32734678e-04
 1.35080401e-04
 1.37487079e-04
 1.39956811e-04
 1.42491786e-04
 1.45094290e-04
 1.47766705e-04
 1.50511521e-04
 1.53331340e-04
 1.56228877e-04
 1.59206973e-04
 1.62268598e-04
 1.65416858e-04
 1.68655004e-04
 1.71986440e-04
 1.75414731e-04
 1.78943613e-04
 1.82576999e-04
 1.86318997e-04
 1.90173914e-04
 1.94146272e-04
 1.98240818e-04
 2.02462542e-04
 2.06816685e-04
 2.11308762e-04
 2.15944573e-04
 2.20730226e-04
 2.25672150e-04
 2.30777123e-04
 2.36052289e-04
 2.41505184e-04
 2.47143765e-04
 2.52976430e-04
 2.59012057e-04
 2.65260031e-04
 2.71730282e-04
 2.78433320e-04
 2.85380279e-04
 2.92582961e-04
 3.00053883e-04
 3.07806330e-04
 3.15854414e-04
 3.24213132e-04
 3.32898436e-04
 3.41927306e-04
 3.51317829e-04
 3.61089288e-04
 3.71262257e-04
 3.81858703e-04
 3.92902103e-04
 4.04417569e-04
 4.16431984e-04
 4.28974155e-04
 4.42074979e-04
 4.55767625e-04
 4.70087741e-04
 4.85073669e-04
 5.00766701e-04
 5.17211351e-04
 5.34455656e-04
 5.52551517e-04
 5.71555075e-04
 5.91527132e-04
 6.12533618e-04
 6.34646117e-04
 6.57942453e-04
 6.82507354e-04
 7.08433192e-04
 7.35820821e-04
 7.64780526e-04
 7.95433087e-04
 8.27911002e-04
 8.62359862e-04
 8.98939928e-04
 9.37827928e-04
 9.79219118e-04
 1.02332965e-03
 1.07039927e-03
 1.12069452e-03
 1.17451230e-03
 1.23218418e-03
 1.29408126e-03
 1.36061997e-03
 1.43226883e-03
 1.50955640e-03
 1.59308071e-03
 1.68352043e-03
 1.78164816e-03
 1.88834641e-03
 2.00462676e-03
 2.13165302e-03
 2.27076939e-03
 2.42353484e-03
 2.59176532e-03
 2.77758603e-03
 2.98349627e-03
 3.21245084e-03
 3.46796264e-03
 3.75423317e-03
 4.07631991e-03
 4.44035276e-03
 4.85381695e-03
