 7.03428444e-02
 7.14208799e-02
 7.25238888e-02
 7.36526483e-02
 7.48079663e-02
 7.59906826e-02
 7.72016705e-02
 7.84418381e-02
 7.97121306e-02
 8.10135317e-02
 8.23470653e-02
 8.37137983e-02
 8.51148417e-02
 8.65513537e-02
 8.80245418e-02
 8.95356652e-02
 9.10860375e-02
 9.26770299e-02
 9.43100739e-02
 9.59866646e-02
 9.77083642e-02
 9.94768055e-02
 1.01293696e-01
 1.03160822e-01
 1.05080051e-01
 1.07053343e-01
 1.09082745e-01
 1.11170405e-01
 1.13318576e-01
 1.15529618e-01
 1.17806009e-01
 1.20150350e-01
 1.22565372e-01
 1.25053946e-01
 1.27619088e-01
 1.30263973e-01
 1.32991940e-01
 1.35806506e-01
 1.38711376e-01
 1.41710454e-01
 1.44807859e-01
 1.48007936e-01
 1.51315274e-01
 1.54734720e-01
 1.58271400e-01
 1.61930733e-01
 1.65718459e-01
 1.69640653e-01
 1.73703759e-01
 1.77914606e-01
 1.82280446e-01
 1.86808980e-01
 1.91508394e-01
 1.96387393e-01
 2.01455247e-01
 2.06721828e-01
 2.12197666e-01
 2.17893995e-01
 2.23822812e-01
 2.29996945e-01
 2.36430116e-01
 2.43137021e-01
 2.50133412e-01
 2.57436194e-01
 2.65063521e-01
 2.73034912e-01
 2.81371377e-01
 2.90095555e-01
 2.99231865e-01
 3.08806682e-01
 3.18848522e-01
 3.29388261e-01
 3.40459367e-01
 3.52098167e-01
 3.64344150e-01
 3.77240296e-01
 3.90833457e-01
 4.05174784e-01
 4.20320206e-01
 4.36330979e-01
 4.53274305e-01
 4.71224037e-01
 4.90261488e-01
 5.10476352e-01
 5.31967761e-01
 5.54845505e-01
 5.79231437e-01
 6.05261096e-01
 6.33085599e-01
 6.62873835e-01
 6.94815034e-01
 7.29121785e-01
 7.66033575e-01
 8.05820986e-01
 8.48790665e-01
 8.95291249e-01
 9.45720463e-01
 1.00053365e+00
 1.06025408e+00
 1.12548551e+00
 1.19692746e+00
 1.27539409e+00
 1.36183747e+00
 1.45737660e+00
 1.56333383e+00
 1.68128082e+00
 1.81309722e+00
 1.96104595e+00
 2.12787104e+00
 2.31692575e+00
 2.53234240e+00
 2.77926014e+00
 3.06413430e+00
 3.39516266e+00
 3.78288185e+00
 4.24101633e+00
 4.78770985e+00
