 1.24427608e-01
 1.26231320e-01
 1.28074488e-01
 1.29958269e-01
 1.31883865e-01
 1.33852520e-01
 1.35865529e-01
 1.37924233e-01
 1.40030024e-01
 1.42184348e-01
 1.44388708e-01
 1.46644663e-01
 1.48953837e-01
 1.51317913e-01
 1.53738648e-01
 1.56217862e-01
 1.58757455e-01
 1.61359402e-01
 1.64025760e-01
 1.66758670e-01
 1.69560366e-01
 1.72433173e-01
 1.75379515e-01
 1.78401925e-01
 1.81503040e-01
 1.84685616e-01
 1.87952528e-01
 1.91306782e-01
 1.94751516e-01
 1.98290014e-01
 2.01925704e-01
 2.05662179e-01
 2.09503195e-01
 2.13452686e-01
 2.17514773e-01
 2.21693775e-01
 2.25994217e-01
 2.30420850e-01
 2.34978654e-01
 2.39672861e-01
 2.44508966e-01
 2.49492739e-01
 2.54630254e-01
 2.59927892e-01
 2.65392377e-01
 2.71030779e-01
 2.76850559e-01
 2.82859570e-01
 2.89066104e-01
 2.95478905e-01
 3.02107213e-01
 3.08960782e-01
 3.16049934e-01
 3.23385580e-01
 3.30979278e-01
 3.38843262e-01
 3.46990510e-01
 3.55434776e-01
 3.64190671e-01
 3.73273705e-01
 3.82700373e-01
 3.92488216e-01
 4.02655908e-01
 4.13223354e-01
 4.24211768e-01
 4.35643800e-01
 4.47543632e-01
 4.59937130e-01
 4.72851956e-01
 4.86317754e-01
 5.00366284e-01
 5.15031650e-01
 5.30350462e-01
 5.46362111e-01
 5.63108976e-01
 5.80636749e-01
 5.98994702e-01
 6.18236078e-01
 6.38418430e-01
 6.59604102e-01
 6.81860662e-01
 7.05261464e-01
 7.29886270e-01
 7.55821880e-01
 7.83162960e-01
 8.12012835e-01
 8.42484542e-01
 8.74701855e-01
 9.08800627e-01
 9.44930137e-01
 9.83254806e-01
 1.02395599e+00
 1.06723420e+00
 1.11331149e+00
 1.16243441e+00
 1.21487720e+00
 1.27094569e+00
 1.33098172e+00
 1.39536841e+00
 1.46453617e+00
 1.53897007e+00
 1.61921817e+00
 1.70590170e+00
 1.79972718e+00
 1.90150065e+00
 2.01214527e+00
 2.13272196e+00
 2.26445525e+00
 2.40876410e+00
 2.56730052e+00
 2.74199665e+00
 2.93512419e+00
 3.14936811e+00
 3.38792064e+00
 3.65460047e+00
 3.95400638e+00
 4.29171645e+00
