 1.23713671e-01
 1.25500127e-01
 1.27325560e-01
 1.29191111e-01
 1.31097965e-01
 1.33047350e-01
 1.35040541e-01
 1.37078860e-01
 1.39163680e-01
 1.41296425e-01
 1.43478577e-01
 1.45711673e-01
 1.47997312e-01
 1.50337154e-01
 1.52732927e-01
 1.55186429e-01
 1.57699529e-01
 1.60274172e-01
 1.62912386e-01
 1.65616280e-01
 1.68388052e-01
 1.71229995e-01
 1.74144495e-01
 1.77134046e-01
 1.80201245e-01
 1.83348806e-01
 1.86579559e-01
 1.89896465e-01
 1.93302611e-01
 1.96801230e-01
 2.00395698e-01
 2.04089551e-01
 2.07886484e-01
 2.11790371e-01
 2.15805264e-01
 2.19935416e-01
 2.24185276e-01
 2.28559521e-01
 2.33063048e-01
 2.37701005e-01
 2.42478796e-01
 2.47402097e-01
 2.52476881e-01
 2.57709422e-01
 2.63106333e-01
 2.68674565e-01
 2.74421453e-01
 2.80354718e-01
 2.86482509e-01
 2.92813422e-01
 2.99356538e-01
 3.06121443e-01
 3.13118280e-01
 3.20357768e-01
 3.27851265e-01
 3.35610789e-01
 3.43649087e-01
 3.51979670e-01
 3.60616888e-01
 3.69575971e-01
 3.78873118e-01
 3.88525551e-01
 3.98551603e-01
 4.08970815e-01
 4.19804008e-01
 4.31073415e-01
 4.42802767e-01
 4.55017444e-01
 4.67744589e-01
 4.81013283e-01
 4.94854684e-01
 5.09302239e-01
 5.24391857e-01
 5.40162165e-01
 5.56654717e-01
 5.73914310e-01
 5.91989245e-01
 6.10931710e-01
 6.30798113e-01
 6.51649545e-01
 6.73552213e-01
 6.96577982e-01
 7.20804984e-01
 7.46318237e-01
 7.73210448e-01
 8.01582794e-01
 8.31545941e-01
 8.63221057e-01
 8.96741111e-01
 9.32252191e-01
 9.69915185e-01
 1.00990752e+00
 1.05242533e+00
 1.09768581e+00
 1.14593004e+00
 1.19742614e+00
 1.25247312e+00
 1.31140505e+00
 1.37459635e+00
 1.44246754e+00
 1.51549247e+00
 1.59420642e+00
 1.67921603e+00
 1.77121108e+00
 1.87097836e+00
 1.97941875e+00
 2.09756743e+00
 2.22661889e+00
 2.36795698e+00
 2.52319247e+00
 2.69420883e+00
 2.88321992e+00
 3.09284178e+00
 3.32618375e+00
 3.58696443e+00
 3.87966073e+00
 4.20970131e+00
