 9.89430822e-02
 1.00453099e-01
 1.01997561e-01
 1.03577519e-01
 1.05194062e-01
 1.06848323e-01
 1.08541477e-01
 1.10274745e-01
 1.12049399e-01
 1.13866759e-01
 1.15728198e-01
 1.17635145e-01
 1.19589086e-01
 1.21591572e-01
 1.23644213e-01
 1.25748689e-01
 1.27906750e-01
 1.30120221e-01
 1.32391003e-01
 1.34721082e-01
 1.37112528e-01
 1.39567503e-01
 1.42088264e-01
 1.44677169e-01
 1.47336683e-01
 1.50069382e-01
 1.52877960e-01
 1.55765239e-01
 1.58734167e-01
 1.61787836e-01
 1.64929482e-01
 1.68162499e-01
 1.71490444e-01
 1.74917049e-01
 1.78446229e-01
 1.82082098e-01
 1.85828972e-01
 1.89691393e-01
 1.93674132e-01
 1.97782211e-01
 2.02020915e-01
 2.06395806e-01
 2.10912752e-01
 2.15577930e-01
 2.20397865e-01
 2.25379434e-01
 2.30529908e-01
 2.35856963e-01
 2.41368716e-01
 2.47073759e-01
 2.52981181e-01
 2.59100616e-01
 2.65442271e-01
 2.72016973e-01
 2.78836218e-01
 2.85912212e-01
 2.93257937e-01
 3.00887193e-01
 3.08814680e-01
 3.17056056e-01
 3.25628011e-01
 3.34548368e-01
 3.43836149e-01
 3.53511702e-01
 3.63596785e-01
 3.74114704e-01
 3.85090445e-01
 3.96550806e-01
 4.08524582e-01
 4.21042717e-01
 4.34138525e-01
 4.47847891e-01
 4.62209519e-01
 4.77265215e-01
 4.93060159e-01
 5.09643272e-01
 5.27067563e-01
 5.45390555e-01
 5.64674773e-01
 5.84988231e-01
 6.06405071e-01
 6.29006183e-01
 6.52880004e-01
 6.78123335e-01
 7.04842324e-01
 7.33153589e-01
 7.63185427e-01
 7.95079304e-01
 8.28991453e-01
 8.65094778e-01
 9.03581067e-01
 9.44663436e-01
 9.88579325e-01
 1.03559380e+00
 1.08600361e+00
 1.14014169e+00
 1.19838269e+00
 1.26114937e+00
 1.32892010e+00
 1.40223802e+00
 1.48172160e+00
 1.56807778e+00
 1.66211727e+00
 1.76477353e+00
 1.87712570e+00
 2.00042651e+00
 2.13613707e+00
 2.28596954e+00
 2.45194064e+00
 2.63643908e+00
 2.84231042e+00
 3.07296623e+00
 3.33252389e+00
 3.62598925e+00
 3.95949619e+00
 4.34062500e+00
 4.77883073e+00
