 9.48347228e-02
 9.62344786e-02
 9.76654547e-02
 9.91285874e-02
 1.00624847e-01
 1.02155241e-01
 1.03720816e-01
 1.05322658e-01
 1.06961896e-01
 1.08639704e-01
 1.10357301e-01
 1.12115956e-01
 1.13916986e-01
 1.15761766e-01
 1.17651723e-01
 1.19588344e-01
 1.21573179e-01
 1.23607841e-01
 1.25694013e-01
 1.27833447e-01
 1.30027973e-01
 1.32279498e-01
 1.34590012e-01
 1.36961597e-01
 1.39396422e-01
 1.41896757e-01
 1.44464971e-01
 1.47103547e-01
 1.49815076e-01
 1.52602273e-01
 1.55467981e-01
 1.58415176e-01
 1.61446976e-01
 1.64566653e-01
 1.67777634e-01
 1.71083518e-01
 1.74488081e-01
 1.77995292e-01
 1.81609317e-01
 1.85334539e-01
 1.89175568e-01
 1.93137252e-01
 1.97224700e-01
 2.01443290e-01
 2.05798695e-01
 2.10296894e-01
 2.14944199e-01
 2.19747274e-01
 2.24713157e-01
 2.29849292e-01
 2.35163550e-01
 2.40664267e-01
 2.46360266e-01
 2.52260900e-01
 2.58376095e-01
 2.64716376e-01
 2.71292930e-01
 2.78117642e-01
 2.85203159e-01
 2.92562939e-01
 3.00211319e-01
 3.08163594e-01
 3.16436073e-01
 3.25046186e-01
 3.34012558e-01
 3.43355115e-01
 3.53095203e-01
 3.63255696e-01
 3.73861146e-01
 3.84937913e-01
 3.96514349e-01
 4.08620964e-01
 4.21290630e-01
 4.34558818e-01
 4.48463822e-01
 4.63047065e-01
 4.78353379e-01
 4.94431365e-01
 5.11333789e-01
 5.29117988e-01
 5.47846389e-01
 5.67587024e-01
 5.88414187e-01
 6.10409095e-01
 6.33660702e-01
 6.58266612e-01
 6.84334067e-01
 7.11981167e-01
 7.41338161e-01
 7.72549008e-01
 8.05773165e-01
 8.41187576e-01
 8.78989096e-01
 9.19397163e-01
 9.62657066e-01
 1.00904361e+00
 1.05886550e+00
 1.11247058e+00
 1.17025175e+00
 1.23265438e+00
 1.30018474e+00
 1.37342046e+00
 1.45302280e+00
 1.53975165e+00
 1.63448386e+00
 1.73823526e+00
 1.85218826e+00
 1.97772548e+00
 2.11647195e+00
 2.27034812e+00
 2.44163636e+00
 2.63306645e+00
 2.84792467e+00
 3.09019603e+00
 3.36475031e+00
 3.67758867e+00
 4.03617441e+00
