 9.52099903e-05
 9.65848460e-05
 9.79896980e-05
 9.94254254e-05
 1.00892939e-04
 1.02393186e-04
 1.03927145e-04
 1.05495834e-04
 1.07100310e-04
 1.08741671e-04
 1.10421054e-04
 1.12139644e-04
 1.13898670e-04
 1.15699412e-04
 1.17543198e-04
 1.19431412e-04
 1.21365492e-04
 1.23346937e-04
 1.25377305e-04
 1.27458221e-04
 1.29591376e-04
 1.31778533e-04
 1.34021532e-04
 1.36322289e-04
 1.38682804e-04
 1.41105165e-04
 1.43591552e-04
 1.46144241e-04
 1.48765610e-04
 1.51458145e-04
 1.54224447e-04
 1.57067234e-04
 1.59989353e-04
 1.62993782e-04
 1.72532897e-04
 1.75899313e-04
 1.79365226e-04
 1.82934596e-04
 1.86611581e-04
 1.90400552e-04
 1.94306103e-04
 1.98333065e-04
 2.02486524e-04
 2.06771835e-04
 2.11194637e-04
 2.15760875e-04
 2.20476821e-04
 2.25349089e-04
 2.30384668e-04
 2.35590937e-04
 2.40975698e-04
 2.46547207e-04
 2.52314198e-04
 2.58285925e-04
 2.64472195e-04
 2.70883410e-04
 2.77530608e-04
 2.84425516e-04
 2.91580595e-04
 2.99009103e-04
 3.06725149e-04
 3.14743769e-04
 3.23080992e-04
 3.31753922e-04
 3.40780827e-04
 3.50181236e-04
 3.59976043e-04
 3.70187623e-04
 3.80839961e-04
 3.91958792e-04
 4.03571758e-04
 4.15708579e-04
 4.28401242e-04
 4.41684215e-04
 4.55594680e-04
 4.70172791e-04
 4.85461969e-04
 5.01509220e-04
 5.18365502e-04
 5.36086127e-04
 5.54731216e-04
 5.74366208e-04
 5.95062439e-04
 6.16897788e-04
 6.39957410e-04
 6.64334571e-04
 6.90131586e-04
 7.17460903e-04
 7.46446324e-04
 7.77224410e-04
 8.09946098e-04
 8.44778546e-04
 8.81907282e-04
 9.21538671e-04
 9.63902794e-04
 1.00925679e-03
 1.05788878e-03
 1.11012243e-03
 1.16632238e-03
 1.22690060e-03
 1.29232397e-03
 1.36312331e-03
 1.43990417e-03
 1.52335984e-03
 1.61428703e-03
 1.71360497e-03
 1.82237872e-03
 1.94184788e-03
 2.07346201e-03
 2.21892486e-03
 2.38024976e-03
 2.55982964e-03
 2.76052634e-03
 2.98578529e-03
 3.23978439e-03
