 7.23596740e-04
 7.34045655e-04
 7.44722542e-04
 7.55634083e-04
 7.66787202e-04
 7.78189086e-04
 7.89847187e-04
 8.01769241e-04
 8.13963275e-04
 8.26437626e-04
 8.39200953e-04
 8.52262250e-04
 8.65630865e-04
 8.79316517e-04
 8.93329308e-04
 9.07679750e-04
 9.22378778e-04
 9.37437775e-04
 9.52868590e-04
 9.68683567e-04
 9.84895562e-04
 1.00151798e-03
 1.01856479e-03
 1.03605056e-03
 1.05399049e-03
 1.07240046e-03
 1.09129702e-03
 1.11069748e-03
 1.13061991e-03
 1.15108320e-03
 1.17210712e-03
 1.19371232e-03
 1.21592045e-03
 1.23875414e-03
 1.31125149e-03
 1.33683628e-03
 1.36317725e-03
 1.39030449e-03
 1.41824961e-03
 1.44704582e-03
 1.47672804e-03
 1.50733299e-03
 1.53889932e-03
 1.57146771e-03
 1.60508104e-03
 1.63978450e-03
 1.67562572e-03
 1.71265501e-03
 1.75092544e-03
 1.79049313e-03
 1.83141737e-03
 1.87376088e-03
 1.91759006e-03
 1.96297524e-03
 2.00999094e-03
 2.05871623e-03
 2.10923499e-03
 2.16163635e-03
 2.21601502e-03
 2.27247173e-03
 2.33111376e-03
 2.39205534e-03
 2.45541830e-03
 2.52133264e-03
 2.58993720e-03
 2.66138039e-03
 2.73582101e-03
 2.81342910e-03
 2.89438696e-03
 2.97889017e-03
 3.06714881e-03
 3.15938875e-03
 3.25585310e-03
 3.35680381e-03
 3.46252346e-03
 3.57331723e-03
 3.68951511e-03
 3.81147436e-03
 3.93958225e-03
 4.07425915e-03
 4.21596198e-03
 4.36518809e-03
 4.52247962e-03
 4.68842846e-03
 4.86368179e-03
 5.04894841e-03
 5.24500595e-03
 5.45270900e-03
 5.67299844e-03
 5.90691216e-03
 6.15559726e-03
 6.42032417e-03
 6.70250288e-03
 7.00370178e-03
 7.32566947e-03
 7.67036025e-03
 8.03996377e-03
 8.43693997e-03
 8.86406006e-03
 9.32445503e-03
 9.82167320e-03
 1.03597488e-02
 1.09432840e-02
 1.15775478e-02
 1.22685952e-02
 1.30234124e-02
 1.38500938e-02
 1.47580605e-02
 1.57583290e-02
 1.68638479e-02
 1.80899185e-02
 1.94547272e-02
 2.09800238e-02
 2.26919938e-02
 2.46223891e-02
