 8.51879780e-05
 8.65209977e-05
 8.78847284e-05
 8.92801080e-05
 9.07081102e-05
 9.21697460e-05
 9.36660655e-05
 9.51981600e-05
 9.67671635e-05
 9.83742550e-05
 1.00020660e-04
 1.01707655e-04
 1.03436566e-04
 1.05208775e-04
 1.07025720e-04
 1.08888899e-04
 1.10799871e-04
 1.12760265e-04
 1.14771775e-04
 1.16836170e-04
 1.18955294e-04
 1.21131073e-04
 1.23365518e-04
 1.25660726e-04
 1.28018893e-04
 1.30442309e-04
 1.32933371e-04
 1.35494587e-04
 1.38128578e-04
 1.40838092e-04
 1.43626003e-04
 1.46495323e-04
 1.49449210e-04
 1.52490974e-04
 1.62179124e-04
 1.65608893e-04
 1.69145726e-04
 1.72794066e-04
 1.76558584e-04
 1.80444198e-04
 1.84456086e-04
 1.88599704e-04
 1.92880803e-04
 1.97305450e-04
 2.01880044e-04
 2.06611346e-04
 2.11506495e-04
 2.16573042e-04
 2.21818970e-04
 2.27252732e-04
 2.32883278e-04
 2.38720094e-04
 2.44773240e-04
 2.51053391e-04
 2.57571883e-04
 2.64340763e-04
 2.71372841e-04
 2.78681753e-04
 2.86282017e-04
 2.94189113e-04
 3.02419548e-04
 3.10990951e-04
 3.19922152e-04
 3.29233294e-04
 3.38945933e-04
 3.49083164e-04
 3.59669753e-04
 3.70732282e-04
 3.82299311e-04
 3.94401556e-04
 4.07072087e-04
 4.20346546e-04
 4.34263388e-04
 4.48864153e-04
 4.64193763e-04
 4.80300859e-04
 4.97238172e-04
 5.15062940e-04
 5.33837379e-04
 5.53629203e-04
 5.74512221e-04
 5.96566997e-04
 6.19881603e-04
 6.44552472e-04
 6.70685362e-04
 6.98396449e-04
 7.27813581e-04
 7.59077703e-04
 7.92344489e-04
 8.27786222e-04
 8.65593948e-04
 9.05979970e-04
 9.49180733e-04
 9.95460175e-04
 1.04511363e-03
 1.09847238e-03
 1.15590903e-03
 1.21784379e-03
 1.28475192e-03
 1.35717255e-03
 1.43571923e-03
 1.52109253e-03
 1.61409511e-03
 1.71565010e-03
 1.82682324e-03
 1.94885003e-03
 2.08316901e-03
 2.23146288e-03
 2.39570966e-03
 2.57824674e-03
 2.78185156e-03
 3.00984432e-03
 3.26621945e-03
 3.55581573e-03
 3.88453838e-03
