 9.25767159e-02
 9.43275724e-02
 9.61253418e-02
 9.79716567e-02
 9.98682196e-02
 1.01816807e-01
 1.03819272e-01
 1.05877550e-01
 1.07993663e-01
 1.10169721e-01
 1.12407932e-01
 1.14710601e-01
 1.17080141e-01
 1.19519076e-01
 1.22030047e-01
 1.24615819e-01
 1.27279290e-01
 1.30023494e-01
 1.32851613e-01
 1.35766982e-01
 1.38773103e-01
 1.41873648e-01
 1.45072475e-01
 1.48373635e-01
 1.51781387e-01
 1.55300207e-01
 1.58934805e-01
 1.62690138e-01
 1.66571424e-01
 1.70584159e-01
 1.74734138e-01
 1.79027471e-01
 1.83470602e-01
 1.88070336e-01
 1.92833859e-01
 1.97768765e-01
 2.02883083e-01
 2.08185310e-01
 2.13684436e-01
 2.19389987e-01
 2.25312057e-01
 2.31461354e-01
 2.37849238e-01
 2.44487774e-01
 2.51389781e-01
 2.58568892e-01
 2.66039610e-01
 2.73817381e-01
 2.81918664e-01
 2.90361011e-01
 2.99163152e-01
 3.08345096e-01
 3.17928225e-01
 3.27935420e-01
 3.38391174e-01
 3.49321738e-01
 3.60755268e-01
 3.72721989e-01
 3.85254381e-01
 3.98387380e-01
 4.12158600e-01
 4.26608576e-01
 4.41781045e-01
 4.57723239e-01
 4.74486229e-01
 4.92125295e-01
 5.10700343e-01
 5.30276372e-01
 5.50923993e-01
 5.72720011e-01
 5.95748080e-01
 6.20099435e-01
 6.45873722e-01
 6.73179925e-01
 7.02137427e-01
 7.32877199e-01
 7.65543157e-01
 8.00293701e-01
 8.37303477e-01
 8.76765381e-01
 9.18892860e-01
 9.63922553e-01
 1.01211734e+00
 1.06376983e+00
 1.11920648e+00
 1.17879224e+00
 1.24293613e+00
 1.31209761e+00
 1.38679414e+00
 1.46761006e+00
 1.55520702e+00
 1.65033641e+00
 1.75385411e+00
 1.86673816e+00
 1.99010990e+00
 2.12525949e+00
 2.27367688e+00
 2.43708938e+00
 2.61750784e+00
 2.81728335e+00
 3.03917750e+00
 3.28645001e+00
 3.56296859e+00
 3.87334786e+00
 4.22312618e+00
 4.61899268e+00
 5.06908129e+00
 5.58335502e+00
 6.17411330e+00
 6.85666910e+00
 7.65026322e+00
 8.57931446e+00
 9.67515305e+00
 1.09784604e+01
 1.25427603e+01
 1.44395072e+01
 1.67656519e+01
