 6.96377795e-02
 7.07050096e-02
 7.17969628e-02
 7.29144084e-02
 7.40581464e-02
 7.52290080e-02
 7.64278578e-02
 7.76555949e-02
 7.89131550e-02
 8.02015117e-02
 8.15216790e-02
 8.28747128e-02
 8.42617132e-02
 8.56838267e-02
 8.71422487e-02
 8.86382256e-02
 9.01730582e-02
 9.17481036e-02
 9.33647792e-02
 9.50245650e-02
 9.67290075e-02
 9.84797233e-02
 1.00278403e-01
 1.02126813e-01
 1.04026806e-01
 1.05980319e-01
 1.07989380e-01
 1.10056115e-01
 1.12182754e-01
 1.14371635e-01
 1.16625209e-01
 1.18946051e-01
 1.21336867e-01
 1.23800497e-01
 1.26339928e-01
 1.28958303e-01
 1.31658927e-01
 1.34445282e-01
 1.37321036e-01
 1.40290053e-01
 1.43356412e-01
 1.46524414e-01
 1.49798601e-01
 1.53183774e-01
 1.56685004e-01
 1.60307659e-01
 1.64057419e-01
 1.67940300e-01
 1.71962680e-01
 1.76131321e-01
 1.80453401e-01
 1.84936545e-01
 1.89588855e-01
 1.94418951e-01
 1.99436008e-01
 2.04649801e-01
 2.10070753e-01
 2.15709986e-01
 2.21579377e-01
 2.27691625e-01
 2.34060315e-01
 2.40699994e-01
 2.47626259e-01
 2.54855843e-01
 2.62406719e-01
 2.70298211e-01
 2.78551118e-01
 2.87187851e-01
 2.96232586e-01
 3.05711431e-01
 3.15652620e-01
 3.26086716e-01
 3.37046853e-01
 3.48568995e-01
 3.60692233e-01
 3.73459117e-01
 3.86916030e-01
 4.01113610e-01
 4.16107226e-01
 4.31957519e-01
 4.48731017e-01
 4.66500835e-01
 4.85347468e-01
 5.05359713e-01
 5.26635708e-01
 5.49284142e-01
 5.73425648e-01
 5.99194405e-01
 6.26740016e-01
 6.56229676e-01
 6.87850720e-01
 7.21813605e-01
 7.58355419e-01
 7.97744031e-01
 8.40283013e-01
 8.86317510e-01
 9.36241258e-01
 9.90505037e-01
 1.04962688e+00
 1.11420447e+00
 1.18493034e+00
 1.26261048e+00
 1.34818741e+00
 1.44276893e+00
 1.54766412e+00
 1.66442890e+00
 1.79492407e+00
 1.94138987e+00
 2.10654283e+00
 2.29370259e+00
 2.50696006e+00
 2.75140288e+00
 3.03342168e+00
 3.36113205e+00
 3.74496503e+00
 4.19850751e+00
 4.73972137e+00
