 8.09463644e-02
 8.21472338e-02
 8.33753266e-02
 8.46314766e-02
 8.59165499e-02
 8.72314462e-02
 8.85771007e-02
 8.99544858e-02
 9.13646125e-02
 9.28085326e-02
 9.42873407e-02
 9.58021763e-02
 9.73542258e-02
 9.89447249e-02
 1.00574962e-01
 1.02246278e-01
 1.03960074e-01
 1.05717810e-01
 1.07521008e-01
 1.09371260e-01
 1.11270226e-01
 1.13219640e-01
 1.15221317e-01
 1.17277151e-01
 1.19389124e-01
 1.21559313e-01
 1.23789886e-01
 1.26083120e-01
 1.28441396e-01
 1.30867210e-01
 1.33363183e-01
 1.35932060e-01
 1.38576725e-01
 1.41300206e-01
 1.44105683e-01
 1.46996501e-01
 1.49976176e-01
 1.53048407e-01
 1.56217091e-01
 1.59486329e-01
 1.62860448e-01
 1.66344006e-01
 1.69941816e-01
 1.73658956e-01
 1.77500795e-01
 1.81473003e-01
 1.85581582e-01
 1.89832881e-01
 1.94233625e-01
 1.98790943e-01
 2.03512393e-01
 2.08405998e-01
 2.13480279e-01
 2.18744292e-01
 2.24207668e-01
 2.29880664e-01
 2.35774201e-01
 2.41899928e-01
 2.48270275e-01
 2.54898516e-01
 2.61798842e-01
 2.68986439e-01
 2.76477569e-01
 2.84289665e-01
 2.92441435e-01
 3.00952976e-01
 3.09845896e-01
 3.19143460e-01
 3.28870735e-01
 3.39054772e-01
 3.49724789e-01
 3.60912387e-01
 3.72651787e-01
 3.84980096e-01
 3.97937605e-01
 4.11568121e-01
 4.25919349e-01
 4.41043306e-01
 4.56996810e-01
 4.73842014e-01
 4.91647026e-01
 5.10486607e-01
 5.30442965e-01
 5.51606671e-01
 5.74077699e-01
 5.97966627e-01
 6.23396020e-01
 6.50502027e-01
 6.79436233e-01
 7.10367810e-01
 7.43486036e-01
 7.79003235e-01
 8.17158236e-01
 8.58220459e-01
 9.02494747e-01
 9.50327126e-01
 1.00211168e+00
 1.05829880e+00
 1.11940517e+00
 1.18602584e+00
 1.25884897e+00
 1.33867397e+00
 1.42643376e+00
 1.52322263e+00
 1.63033094e+00
 1.74928901e+00
 1.88192286e+00
 2.03042567e+00
 2.19745038e+00
 2.38623068e+00
 2.60074100e+00
 2.84591036e+00
 3.12791226e+00
 3.45456273e+00
 3.83587568e+00
 4.28485083e+00
 4.81861281e+00
