 8.41638803e-02
 8.54537294e-02
 8.67734586e-02
 8.81239980e-02
 8.95063141e-02
 9.09214118e-02
 9.23703357e-02
 9.38541728e-02
 9.53740537e-02
 9.69311554e-02
 9.85267032e-02
 1.00161973e-01
 1.01838295e-01
 1.03557055e-01
 1.05319696e-01
 1.07127727e-01
 1.08982718e-01
 1.10886310e-01
 1.12840216e-01
 1.14846225e-01
 1.16906206e-01
 1.19022113e-01
 1.21195988e-01
 1.23429968e-01
 1.25726290e-01
 1.28087296e-01
 1.30515437e-01
 1.33013283e-01
 1.35583529e-01
 1.38228999e-01
 1.40952658e-01
 1.43757617e-01
 1.46647145e-01
 1.49624676e-01
 1.52693820e-01
 1.55858375e-01
 1.59122336e-01
 1.62489911e-01
 1.65965533e-01
 1.69553873e-01
 1.73259859e-01
 1.77088691e-01
 1.81045858e-01
 1.85137161e-01
 1.89368731e-01
 1.93747054e-01
 1.98278995e-01
 2.02971827e-01
 2.07833255e-01
 2.12871455e-01
 2.18095100e-01
 2.23513405e-01
 2.29136164e-01
 2.34973794e-01
 2.41037385e-01
 2.47338750e-01
 2.53890487e-01
 2.60706036e-01
 2.67799754e-01
 2.75186986e-01
 2.82884153e-01
 2.90908838e-01
 2.99279888e-01
 3.08017528e-01
 3.17143480e-01
 3.26681098e-01
 3.36655521e-01
 3.47093834e-01
 3.58025256e-01
 3.69481343e-01
 3.81496215e-01
 3.94106813e-01
 4.07353181e-01
 4.21278785e-01
 4.35930871e-01
 4.51360865e-01
 4.67624825e-01
 4.84783951e-01
 5.02905161e-01
 5.22061748e-01
 5.42334116e-01
 5.63810631e-01
 5.86588580e-01
 6.10775281e-01
 6.36489345e-01
 6.63862132e-01
 6.93039438e-01
 7.24183432e-01
 7.57474923e-01
 7.93115982e-01
 8.31333022e-01
 8.72380399e-01
 9.16544656e-01
 9.64149540e-01
 1.01556195e+00
 1.07119901e+00
 1.13153661e+00
 1.19711955e+00
 1.26857392e+00
 1.34662208e+00
 1.43210103e+00
 1.52598486e+00
 1.62941272e+00
 1.74372348e+00
 1.87049930e+00
 2.01162065e+00
 2.16933647e+00
 2.34635432e+00
 2.54595738e+00
 2.77215775e+00
 3.02989969e+00
 3.32533209e+00
 3.66617863e+00
 4.06224778e+00
 4.52614645e+00
 5.07429568e+00
 5.72840410e+00
