 7.01598383e-04
 7.11729636e-04
 7.22081931e-04
 7.32661746e-04
 7.43475795e-04
 7.54531045e-04
 7.65834724e-04
 7.77394330e-04
 7.89217648e-04
 8.01312762e-04
 8.13688065e-04
 8.26352281e-04
 8.39314472e-04
 8.52584060e-04
 8.66170843e-04
 8.80085011e-04
 8.94337168e-04
 9.08938350e-04
 9.23900047e-04
 9.39234226e-04
 9.54953354e-04
 9.71070426e-04
 9.87598988e-04
 1.00455317e-03
 1.02194770e-03
 1.03979798e-03
 1.05812006e-03
 1.07693072e-03
 1.09624747e-03
 1.11608865e-03
 1.13647341e-03
 1.15742179e-03
 1.17895476e-03
 1.20109427e-03
 1.22386332e-03
 1.24728601e-03
 1.27138760e-03
 1.29619458e-03
 1.32173475e-03
 1.34803728e-03
 1.37513283e-03
 1.40305360e-03
 1.43183343e-03
 1.46150795e-03
 1.49211462e-03
 1.52369289e-03
 1.55628433e-03
 1.58993274e-03
 1.62468435e-03
 1.66058789e-03
 1.69769485e-03
 1.73605963e-03
 1.77573971e-03
 1.81679592e-03
 1.85929263e-03
 1.90329803e-03
 1.94888440e-03
 1.99612836e-03
 2.04511129e-03
 2.09591957e-03
 2.14864505e-03
 2.20338540e-03
 2.26024463e-03
 2.31933350e-03
 2.38077014e-03
 2.44468059e-03
 2.51119947e-03
 2.58047069e-03
 2.65264821e-03
 2.72789691e-03
 2.80639353e-03
 2.88832773e-03
 2.97390318e-03
 3.06333890e-03
 3.15687059e-03
 3.25475226e-03
 3.35725789e-03
 3.46468337e-03
 3.57734867e-03
 3.69560019e-03
 3.81981342e-03
 3.95039595e-03
 4.08779082e-03
 4.23248024e-03
 4.38498989e-03
 4.54589365e-03
 4.71581903e-03
 4.89545329e-03
 5.08555041e-03
 5.28693899e-03
 5.50053132e-03
 5.72733374e-03
 5.96845846e-03
 6.22513730e-03
 6.49873738e-03
 6.79077941e-03
 7.10295883e-03
 7.43717053e-03
 7.79553759e-03
 8.18044515e-03
 8.59458019e-03
 9.04097850e-03
 9.52308054e-03
 1.00447979e-02
 1.06105928e-02
 1.12255741e-02
 1.18956127e-02
 1.26274824e-02
 1.34290315e-02
 1.43093947e-02
 1.52792537e-02
 1.63511633e-02
 1.75399596e-02
 1.88632761e-02
 2.03422016e-02
 2.20021253e-02
 2.38738339e-02
