 1.26596149e-04
 1.28424229e-04
 1.30292193e-04
 1.32201211e-04
 1.34152494e-04
 1.36147299e-04
 1.38186930e-04
 1.40272741e-04
 1.42406136e-04
 1.44588574e-04
 1.46821569e-04
 1.49106696e-04
 1.51445588e-04
 1.53839948e-04
 1.56291542e-04
 1.58802209e-04
 1.61373863e-04
 1.64008495e-04
 1.66708178e-04
 1.69475071e-04
 1.72311425e-04
 1.75219583e-04
 1.78201991e-04
 1.81261197e-04
 1.84399860e-04
 1.87620758e-04
 1.90926787e-04
 1.94320974e-04
 1.97806483e-04
 2.01386618e-04
 2.05064836e-04
 2.08844754e-04
 2.12730154e-04
 2.16725000e-04
 2.20833439e-04
 2.25059821e-04
 2.29408702e-04
 2.33884864e-04
 2.38493322e-04
 2.43239341e-04
 2.48128452e-04
 2.53166465e-04
 2.58359488e-04
 2.63713946e-04
 2.69236602e-04
 2.74934573e-04
 2.80815360e-04
 2.86886868e-04
 2.93157434e-04
 2.99635856e-04
 3.06331422e-04
 3.13253948e-04
 3.20413807e-04
 3.27821974e-04
 3.35490065e-04
 3.43430384e-04
 3.51655970e-04
 3.60180653e-04
 3.69019114e-04
 3.78186941e-04
 3.87700707e-04
 3.97578036e-04
 4.07837693e-04
 4.18499666e-04
 4.29585270e-04
 4.41117248e-04
 4.53119891e-04
 4.65619163e-04
 4.78642848e-04
 4.92220695e-04
 5.06384596e-04
 5.21168772e-04
 5.36609974e-04
 5.52747721e-04
 5.69624546e-04
 5.87286277e-04
 6.05782354e-04
 6.25166168e-04
 6.45495453e-04
 6.66832712e-04
 6.89245700e-04
 7.12807964e-04
 7.37599442e-04
 7.63707147e-04
 7.91225932e-04
 8.20259346e-04
 8.50920618e-04
 8.83333756e-04
 9.17634808e-04
 9.53973288e-04
 9.92513809e-04
 1.03343795e-03
 1.07694641e-03
 1.12326144e-03
 1.17262974e-03
 1.22532569e-03
 1.28165523e-03
 1.34196026e-03
 1.40662388e-03
 1.47607646e-03
 1.55080283e-03
 1.63135077e-03
 1.71834108e-03
 1.81247956e-03
 1.91457139e-03
 2.02553838e-03
 2.14643990e-03
 2.27849818e-03
 2.42312942e-03
 2.58198181e-03
 2.75698280e-03
 2.95039777e-03
 3.16490373e-03
 3.40368247e-03
 3.67053923e-03
 3.97005523e-03
 4.30778563e-03
