 1.03544578e-04
 1.05259959e-04
 1.07016453e-04
 1.08815354e-04
 1.10658008e-04
 1.12545811e-04
 1.14480217e-04
 1.16462737e-04
 1.18494943e-04
 1.20578471e-04
 1.22715024e-04
 1.24906375e-04
 1.27154371e-04
 1.29460935e-04
 1.31828074e-04
 1.34257878e-04
 1.36752527e-04
 1.39314295e-04
 1.41945558e-04
 1.44648792e-04
 1.47426586e-04
 1.50281643e-04
 1.53216791e-04
 1.56234981e-04
 1.59339306e-04
 1.62532996e-04
 1.65819437e-04
 1.69202170e-04
 1.72684907e-04
 1.76271538e-04
 1.79966141e-04
 1.83772991e-04
 1.87696577e-04
 1.91741609e-04
 1.95913035e-04
 2.00216053e-04
 2.04656128e-04
 2.09239007e-04
 2.13970736e-04
 2.18857682e-04
 2.23906549e-04
 2.29124404e-04
 2.34518696e-04
 2.40097284e-04
 2.45868463e-04
 2.51840993e-04
 2.58024132e-04
 2.64427667e-04
 2.71061951e-04
 2.77937945e-04
 2.85067260e-04
 2.92462199e-04
 3.00135814e-04
 3.08101955e-04
 3.16375330e-04
 3.24971570e-04
 3.33907301e-04
 3.43200213e-04
 3.52869149e-04
 3.62934193e-04
 3.73416767e-04
 3.84339742e-04
 3.95727551e-04
 4.07606321e-04
 4.20004015e-04
 4.32950584e-04
 4.46478141e-04
 4.60621147e-04
 4.75416619e-04
 4.90904357e-04
 5.07127198e-04
 5.24131297e-04
 5.41966431e-04
 5.60686349e-04
 5.80349153e-04
 6.01017719e-04
 6.22760176e-04
 6.45650435e-04
 6.69768780e-04
 6.95202532e-04
 7.22046801e-04
 7.50405315e-04
 7.80391375e-04
 8.12128918e-04
 8.45753730e-04
 8.81414810e-04
 9.19275938e-04
 9.59517441e-04
 1.00233823e-03
 1.04795810e-03
 1.09662044e-03
 1.14859524e-03
 1.20418265e-03
 1.26371711e-03
 1.32757205e-03
 1.39616543e-03
 1.46996624e-03
 1.54950203e-03
 1.63536785e-03
 1.72823673e-03
 1.82887218e-03
 1.93814305e-03
 2.05704116e-03
 2.18670270e-03
 2.32843382e-03
 2.48374178e-03
 2.65437285e-03
 2.84235877e-03
 3.05007398e-03
 3.28030661e-03
 3.53634712e-03
 3.82209961e-03
 4.14222287e-03
 4.50231040e-03
 4.90912210e-03
 5.37088529e-03
 5.89768953e-03
