 7.01703303e-02
 7.12457220e-02
 7.23460257e-02
 7.34720170e-02
 7.46245016e-02
 7.58043174e-02
 7.70123353e-02
 7.82494614e-02
 7.95166386e-02
 8.08148480e-02
 8.21451112e-02
 8.35084923e-02
 8.49060997e-02
 8.63390887e-02
 8.78086638e-02
 8.93160812e-02
 9.08626512e-02
 9.24497418e-02
 9.40787808e-02
 9.57512597e-02
 9.74687368e-02
 9.92328411e-02
 1.01045276e-01
 1.02907822e-01
 1.04822345e-01
 1.06790797e-01
 1.08815222e-01
 1.10897763e-01
 1.13040665e-01
 1.15246285e-01
 1.17517093e-01
 1.19855684e-01
 1.22264784e-01
 1.24747254e-01
 1.27306105e-01
 1.29944504e-01
 1.32665781e-01
 1.35473444e-01
 1.38371190e-01
 1.41362913e-01
 1.44452722e-01
 1.47644950e-01
 1.50944177e-01
 1.54355237e-01
 1.57883243e-01
 1.61533602e-01
 1.65312038e-01
 1.69224614e-01
 1.73277754e-01
 1.77478275e-01
 1.81833408e-01
 1.86350836e-01
 1.91038724e-01
 1.95905758e-01
 2.00961183e-01
 2.06214848e-01
 2.11677257e-01
 2.17359615e-01
 2.23273892e-01
 2.29432883e-01
 2.35850277e-01
 2.42540733e-01
 2.49519966e-01
 2.56804838e-01
 2.64413459e-01
 2.72365301e-01
 2.80681321e-01
 2.89384103e-01
 2.98498007e-01
 3.08049341e-01
 3.18066554e-01
 3.28580445e-01
 3.39624399e-01
 3.51234655e-01
 3.63450605e-01
 3.76315123e-01
 3.89874947e-01
 4.04181102e-01
 4.19289381e-01
 4.35260888e-01
 4.52162661e-01
 4.70068372e-01
 4.89059134e-01
 5.09224421e-01
 5.30663123e-01
 5.53484760e-01
 5.77810886e-01
 6.03776709e-01
 6.31532973e-01
 6.61248153e-01
 6.93111018e-01
 7.27333632e-01
 7.64154897e-01
 8.03844730e-01
 8.46709027e-01
 8.93095570e-01
 9.43401107e-01
 9.98079865e-01
 1.05765384e+00
 1.12272528e+00
 1.19399203e+00
 1.27226622e+00
 1.35849759e+00
 1.45380242e+00
 1.55949979e+00
 1.67715752e+00
 1.80865064e+00
 1.95623654e+00
 2.12265249e+00
 2.31124354e+00
 2.52613189e+00
 2.77244407e+00
 3.05661959e+00
 3.38683611e+00
 3.77360443e+00
 4.23061535e+00
 4.77596811e+00
