 1.26751967e-04
 1.28623229e-04
 1.30535928e-04
 1.32491294e-04
 1.34490598e-04
 1.36535163e-04
 1.38626361e-04
 1.40765614e-04
 1.42954401e-04
 1.45194257e-04
 1.47486778e-04
 1.49833621e-04
 1.52236510e-04
 1.54697236e-04
 1.57217665e-04
 1.59799735e-04
 1.62445466e-04
 1.65156959e-04
 1.67936405e-04
 1.70786084e-04
 1.73708373e-04
 1.76705752e-04
 1.79780805e-04
 1.82936228e-04
 1.86174838e-04
 1.89499573e-04
 1.92913501e-04
 1.96419831e-04
 2.00021914e-04
 2.03723256e-04
 2.07527523e-04
 2.11438553e-04
 2.15460362e-04
 2.19597160e-04
 2.23853353e-04
 2.28233565e-04
 2.32742642e-04
 2.37385670e-04
 2.42167987e-04
 2.47095199e-04
 2.52173198e-04
 2.57408175e-04
 2.62806644e-04
 2.68375458e-04
 2.74121831e-04
 2.80053366e-04
 2.86178072e-04
 2.92504397e-04
 2.99041255e-04
 3.05798057e-04
 3.12784742e-04
 3.20011819e-04
 3.27490401e-04
 3.35232250e-04
 3.43249822e-04
 3.51556316e-04
 3.60165729e-04
 3.69092915e-04
 3.78353646e-04
 3.87964683e-04
 3.97943851e-04
 4.08310120e-04
 4.19083697e-04
 4.30286119e-04
 4.41940364e-04
 4.54070965e-04
 4.66704141e-04
 4.79867933e-04
 4.93592363e-04
 5.07909600e-04
 5.22854150e-04
 5.38463059e-04
 5.54776142e-04
 5.71836238e-04
 5.89689482e-04
 6.08385619e-04
 6.27978348e-04
 6.48525702e-04
 6.70090475e-04
 6.92740698e-04
 7.16550172e-04
 7.41599061e-04
 7.67974566e-04
 7.95771673e-04
 8.25094004e-04
 8.56054776e-04
 8.88777881e-04
 9.23399119e-04
 9.60067596e-04
 9.98947312e-04
 1.04021899e-03
 1.08408215e-03
 1.13075750e-03
 1.18048971e-03
 1.23355057e-03
 1.29024270e-03
 1.35090381e-03
 1.41591170e-03
 1.48569013e-03
 1.56071561e-03
 1.64152556e-03
 1.72872781e-03
 1.82301197e-03
 1.92516300e-03
 2.03607740e-03
 2.15678280e-03
 2.28846159e-03
 2.43247975e-03
 2.59042201e-03
 2.76413529e-03
 2.95578238e-03
 3.16790893e-03
 3.40352765e-03
 3.66622479e-03
 3.96029615e-03
 4.29092209e-03
 4.66439507e-03
