15.99  322 
15.99  312 
15.99  4 
15.99  356 
15.99  366 
15.99  342 
15.99  337 
15.99  298 
15.99  351 
15.99  356 
15.99  371 
15.99  342 
15.99  312 
15.99  337 
15.99  366 
15.99  317 
15.99  366 
15.99  347 
15.99  342 
15.99  347 
15.99  283 
15.99  347 
15.99  351 
15.99  356 
15.99  327 
15.99  312 
15.99  307 
15.99  332 
15.99  298 
15.99  342 
15.99  347 
15.99  283 
15.99  337 
15.99  273 
15.99  347 
15.99  337 
15.99  342 
15.99  327 
15.99  317 
15.99  312 
15.99  347 
15.99  283 
15.99  337 
15.99  347 
15.99  337 
15.99  327 
15.99  283 
15.99  337 
15.99  322 
15.99  307 
15.99  327 
15.99  312 
15.99  303 
15.99  332 
15.99  278 
15.99  332 
15.99  307 
15.99  347 
15.99  322 
15.99  254 
15.99  327 
15.99  342 
15.99  298 
15.99  317 
15.99  312 
15.99  312 
15.99  337 
15.99  263 
15.99  332 
15.99  332 
15.99  337 
15.99  322 
15.99  273 
15.99  307 
15.99  337 
15.99  307 
15.99  317 
15.99  317 
15.99  312 
15.99  327 
15.99  249 
15.99  307 
15.99  327 
15.99  337 
15.99  317 
15.99  254 
15.99  298 
15.99  337 
15.99  259 
15.99  312 
15.99  317 
15.99  317 
15.99  307 
15.99  244 
15.99  268 
15.99  317 
15.99  327 
15.99  307 
15.99  273 
15.99  298 
15.99  327 
15.99  254 
15.99  307 
15.99  322 
15.99  312 
15.99  307 
15.99  244 
15.99  307 
15.99  322 
15.99  307 
