 1.28418226e-01
 1.31370055e-01
 1.34413141e-01
 1.37551039e-01
 1.40787473e-01
 1.44126345e-01
 1.47571741e-01
 1.51127946e-01
 1.54799454e-01
 1.58590980e-01
 1.62507470e-01
 1.66554118e-01
 1.70736381e-01
 1.75059990e-01
 1.79530972e-01
 1.84155663e-01
 1.88940730e-01
 1.93893189e-01
 1.99020430e-01
 2.04330236e-01
 2.09830811e-01
 2.15530804e-01
 2.21439342e-01
 2.27566054e-01
 2.33921113e-01
 2.40515261e-01
 2.47359856e-01
 2.54466910e-01
 2.61849131e-01
 2.69519975e-01
 2.77493696e-01
 2.85785399e-01
 2.94411105e-01
 3.03387813e-01
 3.12733570e-01
 3.22467550e-01
 3.32610136e-01
 3.43183007e-01
 3.54209241e-01
 3.65713414e-01
 3.77721723e-01
 3.90262103e-01
 4.03364373e-01
 4.17060378e-01
 4.31384155e-01
 4.46372112e-01
 4.62063218e-01
 4.78499223e-01
 4.95724888e-01
 5.13788240e-01
 5.32740858e-01
 5.52638180e-01
 5.73539846e-01
 5.95510073e-01
 6.18618070e-01
 6.42938501e-01
 6.68551987e-01
 6.95545672e-01
 7.24013848e-01
 7.54058646e-01
 7.85790809e-01
 8.19330550e-01
 8.54808514e-01
 8.92366846e-01
 9.32160391e-01
 9.74358041e-01
 1.01914424e+00
 1.06672069e+00
 1.11730824e+00
 1.17114910e+00
 1.22850920e+00
 1.28968105e+00
 1.35498679e+00
 1.42478184e+00
 1.49945894e+00
 1.57945279e+00
 1.66524542e+00
 1.75737228e+00
 1.85642928e+00
 1.96308095e+00
 2.07806978e+00
 2.20222714e+00
 2.33648596e+00
 2.48189550e+00
 2.63963859e+00
 2.81105198e+00
 2.99765018e+00
 3.20115369e+00
 3.42352244e+00
 3.66699559e+00
 3.93413911e+00
 4.22790281e+00
 4.55168904e+00
 4.90943587e+00
 5.30571812e+00
 5.74587088e+00
 6.23614111e+00
 6.78387487e+00
 7.39774972e+00
 8.08806520e+00
 8.86710789e+00
 9.74961359e+00
 1.07533566e+01
 1.18999070e+01
 1.32156107e+01
 1.47328714e+01
 1.64918401e+01
 1.85426656e+01
 2.09485254e+01
 2.37897534e+01
 2.71695326e+01
 3.12218549e+01
 3.61228139e+01
 4.21068896e+01
 4.94908511e+01
 5.87095327e+01
 7.03705559e+01
