 6.99951267e-02
 7.10678333e-02
 7.21653898e-02
 7.32885697e-02
 7.44381767e-02
 7.56150467e-02
 7.68200484e-02
 7.80540856e-02
 7.93180988e-02
 8.06130668e-02
 8.19400086e-02
 8.32999855e-02
 8.46941033e-02
 8.61235144e-02
 8.75894203e-02
 8.90930738e-02
 9.06357824e-02
 9.22189102e-02
 9.38438818e-02
 9.55121848e-02
 9.72253737e-02
 9.89850733e-02
 1.00792982e-01
 1.02650879e-01
 1.04560621e-01
 1.06524158e-01
 1.08543529e-01
 1.10620870e-01
 1.12758422e-01
 1.14958534e-01
 1.17223672e-01
 1.19556425e-01
 1.21959509e-01
 1.24435781e-01
 1.26988243e-01
 1.29620054e-01
 1.32334536e-01
 1.35135190e-01
 1.38025700e-01
 1.41009953e-01
 1.44092047e-01
 1.47276306e-01
 1.50567295e-01
 1.53969838e-01
 1.57489035e-01
 1.61130280e-01
 1.64899282e-01
 1.68802088e-01
 1.72845109e-01
 1.77035141e-01
 1.81379400e-01
 1.85885549e-01
 1.90561732e-01
 1.95416614e-01
 2.00459416e-01
 2.05699964e-01
 2.11148734e-01
 2.16816904e-01
 2.22716415e-01
 2.28860028e-01
 2.35261398e-01
 2.41935149e-01
 2.48896957e-01
 2.56163640e-01
 2.63753263e-01
 2.71685250e-01
 2.79980507e-01
 2.88661559e-01
 2.97752707e-01
 3.07280193e-01
 3.17272395e-01
 3.27760034e-01
 3.38776413e-01
 3.50357681e-01
 3.62543130e-01
 3.75375527e-01
 3.88901495e-01
 4.03171930e-01
 4.18242485e-01
 4.34174115e-01
 4.51033686e-01
 4.68894690e-01
 4.87838035e-01
 5.07952973e-01
 5.29338146e-01
 5.52102801e-01
 5.76368189e-01
 6.02269179e-01
 6.29956140e-01
 6.59597127e-01
 6.91380435e-01
 7.25517601e-01
 7.62246930e-01
 8.01837664e-01
 8.44594936e-01
 8.90865659e-01
 9.41045592e-01
 9.95587827e-01
 1.05501305e+00
 1.11992203e+00
 1.19101083e+00
 1.26908958e+00
 1.35510565e+00
 1.45017252e+00
 1.55560598e+00
 1.67296994e+00
 1.80413475e+00
 1.95135214e+00
 2.11735258e+00
 2.30547276e+00
 2.51982456e+00
 2.76552174e+00
 3.04898772e+00
 3.37837974e+00
 3.76418237e+00
 4.22005221e+00
 4.76404331e+00
