 9.36667076e-02
 9.49930068e-02
 9.63477276e-02
 9.77316884e-02
 9.91457381e-02
 1.00590756e-01
 1.02067653e-01
 1.03577376e-01
 1.05120905e-01
 1.06699257e-01
 1.08313491e-01
 1.09964701e-01
 1.11654028e-01
 1.13382655e-01
 1.15151811e-01
 1.16962775e-01
 1.18816875e-01
 1.20715494e-01
 1.22660069e-01
 1.24652098e-01
 1.26693138e-01
 1.28784812e-01
 1.30928810e-01
 1.33126893e-01
 1.35380899e-01
 1.37692741e-01
 1.40064418e-01
 1.42498014e-01
 1.44995705e-01
 1.47559765e-01
 1.50192568e-01
 1.52896594e-01
 1.55674441e-01
 1.58528820e-01
 1.61462573e-01
 1.64478673e-01
 1.67580233e-01
 1.70770515e-01
 1.74052940e-01
 1.77431093e-01
 1.80908736e-01
 1.84489820e-01
 1.88178490e-01
 1.91979105e-01
 1.95896245e-01
 1.99934724e-01
 2.04099615e-01
 2.08396251e-01
 2.12830253e-01
 2.17407548e-01
 2.22134380e-01
 2.27017340e-01
 2.32063390e-01
 2.37279879e-01
 2.42674576e-01
 2.48255703e-01
 2.54031954e-01
 2.60012545e-01
 2.66207235e-01
 2.72626375e-01
 2.79280954e-01
 2.86182638e-01
 2.93343822e-01
 3.00777698e-01
 3.08498300e-01
 3.16520576e-01
 3.24860470e-01
 3.33534985e-01
 3.42562280e-01
 3.51961769e-01
 3.61754214e-01
 3.71961847e-01
 3.82608502e-01
 3.93719739e-01
 4.05323019e-01
 4.17447851e-01
 4.30125996e-01
 4.43391677e-01
 4.57281798e-01
 4.71836208e-01
 4.87097999e-01
 5.03113805e-01
 5.19934168e-01
 5.37613956e-01
 5.56212780e-01
 5.75795517e-01
 5.96432888e-01
 6.18202072e-01
 6.41187443e-01
 6.65481412e-01
 6.91185312e-01
 7.18410515e-01
 7.47279593e-01
 7.77927724e-01
 8.10504304e-01
 8.45174733e-01
 8.82122536e-01
 9.21551842e-01
 9.63690156e-01
 1.00879168e+00
 1.05714119e+00
 1.10905852e+00
 1.16490387e+00
 1.22508414e+00
 1.29006028e+00
 1.36035633e+00
 1.43656982e+00
 1.51938472e+00
 1.60958683e+00
 1.70808247e+00
 1.81592142e+00
 1.93432518e+00
 2.06472161e+00
 2.20878833e+00
 2.36850728e+00
 2.54623306e+00
 2.74478065e+00
