 9.42797418e-02
 9.56217854e-02
 9.69926897e-02
 9.83932878e-02
 9.98244442e-02
 1.01287054e-01
 1.02782046e-01
 1.04310382e-01
 1.05873063e-01
 1.07471124e-01
 1.09105643e-01
 1.10777735e-01
 1.12488563e-01
 1.14239332e-01
 1.16031293e-01
 1.17865752e-01
 1.19744061e-01
 1.21667630e-01
 1.23637924e-01
 1.25656469e-01
 1.27724853e-01
 1.29844732e-01
 1.32017828e-01
 1.34245937e-01
 1.36530933e-01
 1.38874769e-01
 1.41279482e-01
 1.43747200e-01
 1.46280141e-01
 1.48880626e-01
 1.51551078e-01
 1.54294027e-01
 1.57112125e-01
 1.60008141e-01
 1.62984972e-01
 1.66045656e-01
 1.69193371e-01
 1.72431448e-01
 1.75763380e-01
 1.79192829e-01
 1.82723636e-01
 1.86359839e-01
 1.90105671e-01
 1.93965587e-01
 1.97944265e-01
 2.02046627e-01
 2.06277855e-01
 2.10643404e-01
 2.15149017e-01
 2.19800753e-01
 2.24605000e-01
 2.29568496e-01
 2.34698360e-01
 2.40002111e-01
 2.45487695e-01
 2.51163525e-01
 2.57038495e-01
 2.63122036e-01
 2.69424138e-01
 2.75955394e-01
 2.82727054e-01
 2.89751062e-01
 2.97040111e-01
 3.04607710e-01
 3.12468231e-01
 3.20636990e-01
 3.29130318e-01
 3.37965639e-01
 3.47161562e-01
 3.56737984e-01
 3.66716189e-01
 3.77118967e-01
 3.87970759e-01
 3.99297775e-01
 4.11128182e-01
 4.23492252e-01
 4.36422569e-01
 4.49954252e-01
 4.64125176e-01
 4.78976243e-01
 4.94551695e-01
 5.10899415e-01
 5.28071309e-01
 5.46123734e-01
 5.65117932e-01
 5.85120564e-01
 6.06204311e-01
 6.28448504e-01
 6.51939888e-01
 6.76773485e-01
 7.03053516e-01
 7.30894546e-01
 7.60422688e-01
 7.91777054e-01
 8.25111421e-01
 8.60596072e-01
 8.98419995e-01
 9.38793440e-01
 9.81950787e-01
 1.02815398e+00
 1.07769655e+00
 1.13090823e+00
 1.18816044e+00
 1.24987293e+00
 1.31652126e+00
 1.38864625e+00
 1.46686475e+00
 1.55188302e+00
 1.64451273e+00
 1.74569029e+00
 1.85650069e+00
 1.97820678e+00
 2.11228525e+00
 2.26047171e+00
 2.42481724e+00
 2.60775958e+00
 2.81221407e+00
