6.56  684 
6.56  684 
6.56  723 
6.56  718 
6.56  718 
6.56  723 
6.56  723 
6.56  723 
6.56  723 
6.56  723 
6.56  723 
6.56  718 
6.56  723 
6.56  718 
6.56  723 
6.56  723 
6.56  723 
6.56  723 
6.56  723 
6.56  723 
6.56  723 
6.56  718 
6.56  723 
6.56  723 
6.56  718 
6.56  723 
6.56  723 
6.56  723 
6.56  723 
6.56  718 
6.56  723 
6.56  723 
6.56  723 
6.56  718 
6.56  723 
6.56  718 
6.56  723 
6.56  723 
6.56  723 
6.56  723 
6.56  723 
6.56  723 
6.56  723 
6.56  723 
6.56  718 
6.56  723 
6.56  718 
6.56  718 
6.56  723 
6.56  723 
6.56  723 
6.56  723 
6.56  723 
6.56  723 
6.56  723 
6.56  718 
6.56  723 
6.56  718 
6.56  718 
6.56  723 
6.56  723 
6.56  723 
6.56  723 
6.56  723 
6.56  723 
6.56  723 
6.56  718 
6.56  723 
6.56  718 
6.56  723 
6.56  723 
6.56  723 
6.56  723 
6.56  723 
6.56  723 
6.56  723 
6.56  723 
6.56  718 
6.56  723 
6.56  723 
6.56  723 
6.56  723 
6.56  723 
6.56  723 
6.56  723 
6.56  723 
6.56  723 
6.56  723 
6.56  718 
6.56  723 
6.56  723 
6.56  723 
6.56  723 
6.56  723 
6.56  718 
6.56  723 
6.56  723 
6.56  718 
6.56  723 
6.56  718 
6.56  723 
6.56  723 
6.56  723 
6.56  723 
6.56  723 
6.56  723 
6.56  723 
6.56  723 
6.56  718 
6.56  723 
6.56  718 
6.56  723 
6.56  723 
6.56  723 
6.56  723 
6.56  723 
6.56  723 
6.56  723 
6.56  723 
6.56  718 
6.56  723 
6.56  723 
6.56  723 
6.56  723 
6.56  723 
6.56  723 
6.56  723 
6.56  723 
6.56  718 
6.56  723 
6.56  718 
6.56  723 
6.56  723 
6.56  723 
6.56  723 
6.56  723 
6.56  723 
6.56  723 
6.56  723 
6.56  718 
