 1.21431920e-04
 1.23185427e-04
 1.24977191e-04
 1.26808335e-04
 1.28680019e-04
 1.30593450e-04
 1.32549879e-04
 1.34550604e-04
 1.36596972e-04
 1.38690381e-04
 1.40832286e-04
 1.43024195e-04
 1.45267678e-04
 1.47564364e-04
 1.49915951e-04
 1.52324201e-04
 1.54790949e-04
 1.57318107e-04
 1.59907661e-04
 1.62561685e-04
 1.65282336e-04
 1.68071862e-04
 1.70932608e-04
 1.73867020e-04
 1.76877648e-04
 1.79967156e-04
 1.83138322e-04
 1.86394051e-04
 1.89737375e-04
 1.93171466e-04
 1.96699639e-04
 2.00325363e-04
 2.04052266e-04
 2.07884150e-04
 2.11824994e-04
 2.15878969e-04
 2.20050447e-04
 2.24344013e-04
 2.28764478e-04
 2.33316894e-04
 2.38006563e-04
 2.42839061e-04
 2.47820245e-04
 2.52956279e-04
 2.58253649e-04
 2.63719184e-04
 2.69360076e-04
 2.75183910e-04
 2.81198681e-04
 2.87412829e-04
 2.93835263e-04
 3.00475399e-04
 3.07343186e-04
 3.14449152e-04
 3.21804439e-04
 3.29420849e-04
 3.37310889e-04
 3.45487826e-04
 3.53965740e-04
 3.62759584e-04
 3.71885255e-04
 3.81359659e-04
 3.91200794e-04
 4.01427835e-04
 4.12061225e-04
 4.23122779e-04
 4.34635799e-04
 4.46625189e-04
 4.59117599e-04
 4.72141566e-04
 4.85727680e-04
 4.99908766e-04
 5.14720076e-04
 5.30199517e-04
 5.46387886e-04
 5.63329144e-04
 5.81070711e-04
 5.99663803e-04
 6.19163796e-04
 6.39630646e-04
 6.61129343e-04
 6.83730432e-04
 7.07510593e-04
 7.32553288e-04
 7.58949500e-04
 7.86798557e-04
 8.16209065e-04
 8.47299976e-04
 8.80201788e-04
 9.15057914e-04
 9.52026253e-04
 9.91280980e-04
 1.03301460e-03
 1.07744030e-03
 1.12479472e-03
 1.17534105e-03
 1.22937274e-03
 1.28721776e-03
 1.34924356e-03
 1.41586296e-03
 1.48754102e-03
 1.56480318e-03
 1.64824490e-03
 1.73854319e-03
 1.83647040e-03
 1.94291072e-03
 2.05888031e-03
 2.18555155e-03
 2.32428285e-03
 2.47665519e-03
 2.64451737e-03
 2.83004237e-03
 3.03579800e-03
 3.26483626e-03
 3.52080715e-03
 3.80810501e-03
 4.13205839e-03
