 9.45723527e-02
 9.60217163e-02
 9.75046552e-02
 9.90222146e-02
 1.00575481e-01
 1.02165582e-01
 1.03793693e-01
 1.05461035e-01
 1.07168878e-01
 1.08918545e-01
 1.10711413e-01
 1.12548916e-01
 1.14432547e-01
 1.16363864e-01
 1.18344490e-01
 1.20376118e-01
 1.22460514e-01
 1.24599522e-01
 1.26795066e-01
 1.29049156e-01
 1.31363893e-01
 1.33741472e-01
 1.36184188e-01
 1.38694443e-01
 1.41274749e-01
 1.43927738e-01
 1.46656165e-01
 1.49462918e-01
 1.52351024e-01
 1.55323657e-01
 1.58384148e-01
 1.61535994e-01
 1.64782867e-01
 1.68128627e-01
 1.71577330e-01
 1.75133242e-01
 1.78800854e-01
 1.82584895e-01
 1.86490343e-01
 1.90522450e-01
 1.94686753e-01
 1.98989092e-01
 2.03435639e-01
 2.08032909e-01
 2.12787794e-01
 2.17707580e-01
 2.22799983e-01
 2.28073173e-01
 2.33535810e-01
 2.39197078e-01
 2.45066727e-01
 2.51155109e-01
 2.57473230e-01
 2.64032795e-01
 2.70846265e-01
 2.77926914e-01
 2.85288898e-01
 2.92947320e-01
 3.00918311e-01
 3.09219117e-01
 3.17868185e-01
 3.26885275e-01
 3.36291566e-01
 3.46109782e-01
 3.56364332e-01
 3.67081460e-01
 3.78289411e-01
 3.90018621e-01
 4.02301922e-01
 4.15174773e-01
 4.28675513e-01
 4.42845653e-01
 4.57730187e-01
 4.73377958e-01
 4.89842055e-01
 5.07180263e-01
 5.25455572e-01
 5.44736752e-01
 5.65098996e-01
 5.86624661e-01
 6.09404095e-01
 6.33536591e-01
 6.59131469e-01
 6.86309318e-01
 7.15203417e-01
 7.45961373e-01
 7.78747010e-01
 8.13742555e-01
 8.51151174e-01
 8.91199932e-01
 9.34143239e-01
 9.80266909e-01
 1.02989292e+00
 1.08338506e+00
 1.14115559e+00
 1.20367325e+00
 1.27147274e+00
 1.34516626e+00
 1.42545733e+00
 1.51315764e+00
 1.60920769e+00
 1.71470205e+00
 1.83092075e+00
 1.95936822e+00
 2.10182229e+00
 2.26039599e+00
 2.43761638e+00
 2.63652588e+00
 2.86081367e+00
 3.11498804e+00
 3.40460470e+00
 3.73657296e+00
 4.11957168e+00
 4.56462236e+00
 5.08589097e+00
 5.70182932e+00
 6.43683076e+00
