 8.42288849e-02
 8.57119212e-02
 8.72327361e-02
 8.87925938e-02
 9.03928110e-02
 9.20347597e-02
 9.37198697e-02
 9.54496318e-02
 9.72256007e-02
 9.90493985e-02
 1.00922718e-01
 1.02847326e-01
 1.04825070e-01
 1.06857876e-01
 1.08947760e-01
 1.11096829e-01
 1.13307287e-01
 1.15581440e-01
 1.17921701e-01
 1.20330597e-01
 1.22810775e-01
 1.25365010e-01
 1.27996211e-01
 1.30707429e-01
 1.33501864e-01
 1.36382877e-01
 1.39353999e-01
 1.42418937e-01
 1.45581591e-01
 1.48846060e-01
 1.52216660e-01
 1.55697933e-01
 1.59294662e-01
 1.63011891e-01
 1.66854934e-01
 1.70829400e-01
 1.74941210e-01
 1.79196614e-01
 1.83602219e-01
 1.88165010e-01
 1.92892378e-01
 1.97792145e-01
 2.02872599e-01
 2.08142522e-01
 2.13611230e-01
 2.19288610e-01
 2.25185163e-01
 2.31312047e-01
 2.37681131e-01
 2.44305046e-01
 2.51197245e-01
 2.58372068e-01
 2.65844812e-01
 2.73631806e-01
 2.81750499e-01
 2.90219548e-01
 2.99058923e-01
 3.08290013e-01
 3.17935755e-01
 3.28020760e-01
 3.38571469e-01
 3.49616311e-01
 3.61185885e-01
 3.73313160e-01
 3.86033699e-01
 3.99385900e-01
 4.13411272e-01
 4.28154741e-01
 4.43664985e-01
 4.59994818e-01
 4.77201608e-01
 4.95347758e-01
 5.14501236e-01
 5.34736178e-01
 5.56133562e-01
 5.78781975e-01
 6.02778475e-01
 6.28229575e-01
 6.55252357e-01
 6.83975740e-01
 7.14541938e-01
 7.47108111e-01
 7.81848282e-01
 8.18955523e-01
 8.58644492e-01
 9.01154360e-01
 9.46752216e-01
 9.95737024e-01
 1.04844425e+00
 1.10525130e+00
 1.16658387e+00
 1.23292351e+00
 1.30481654e+00
 1.38288465e+00
 1.46783766e+00
 1.56048872e+00
 1.66177271e+00
 1.77276853e+00
 1.89472629e+00
 2.02910059e+00
 2.17759153e+00
 2.34219560e+00
 2.52526922e+00
 2.72960854e+00
 2.95855058e+00
 3.21610230e+00
 3.50710676e+00
 3.83745901e+00
 4.21438931e+00
 4.64683865e+00
 5.14596238e+00
 5.72581394e+00
 6.40428595e+00
 7.20442443e+00
 8.15629424e+00
 9.29967442e+00
 1.06880304e+01
