 7.02668905e-02
 7.13437620e-02
 7.24455799e-02
 7.35731206e-02
 7.47271912e-02
 7.59086304e-02
 7.71183107e-02
 7.83571392e-02
 7.96260601e-02
 8.09260559e-02
 8.22581497e-02
 8.36234069e-02
 8.50229375e-02
 8.64578985e-02
 8.79294958e-02
 8.94389875e-02
 9.09876858e-02
 9.25769603e-02
 9.42082410e-02
 9.58830214e-02
 9.76028619e-02
 9.93693937e-02
 1.01184322e-01
 1.03049432e-01
 1.04966590e-01
 1.06937750e-01
 1.08964961e-01
 1.11050367e-01
 1.13196219e-01
 1.15404873e-01
 1.17678806e-01
 1.20020616e-01
 1.22433030e-01
 1.24918916e-01
 1.27481289e-01
 1.30123318e-01
 1.32848340e-01
 1.35659867e-01
 1.38561600e-01
 1.41557440e-01
 1.44651500e-01
 1.47848122e-01
 1.51151889e-01
 1.54567643e-01
 1.58100504e-01
 1.61755886e-01
 1.65539521e-01
 1.69457481e-01
 1.73516199e-01
 1.77722500e-01
 1.82083626e-01
 1.86607270e-01
 1.91301609e-01
 1.96175340e-01
 2.01237722e-01
 2.06498617e-01
 2.11968542e-01
 2.17658720e-01
 2.23581136e-01
 2.29748602e-01
 2.36174826e-01
 2.42874489e-01
 2.49863327e-01
 2.57158223e-01
 2.64777314e-01
 2.72740098e-01
 2.81067562e-01
 2.89782320e-01
 2.98908765e-01
 3.08473243e-01
 3.18504240e-01
 3.29032599e-01
 3.40091750e-01
 3.51717983e-01
 3.63950743e-01
 3.76832964e-01
 3.90411448e-01
 4.04737289e-01
 4.19866358e-01
 4.35859843e-01
 4.52784874e-01
 4.70715225e-01
 4.89732120e-01
 5.09925156e-01
 5.31393359e-01
 5.54246401e-01
 5.78606002e-01
 6.04607556e-01
 6.32402014e-01
 6.62158085e-01
 6.94064796e-01
 7.28334503e-01
 7.65206438e-01
 8.04950888e-01
 8.47874169e-01
 8.94324543e-01
 9.44699306e-01
 9.99453306e-01
 1.05910926e+00
 1.12427025e+00
 1.19563506e+00
 1.27401696e+00
 1.36036700e+00
 1.45580297e+00
 1.56164579e+00
 1.67946543e+00
 1.81113950e+00
 1.95892848e+00
 2.12557344e+00
 2.31442401e+00
 2.52960806e+00
 2.77625918e+00
 3.06082575e+00
 3.39149668e+00
 3.77879722e+00
 4.23643702e+00
 4.78254023e+00
