 1.00801956e-01
 1.02284850e-01
 1.03800273e-01
 1.05349175e-01
 1.06932542e-01
 1.08551399e-01
 1.10206806e-01
 1.11899864e-01
 1.13631718e-01
 1.15403551e-01
 1.17216597e-01
 1.19072135e-01
 1.20971494e-01
 1.22916055e-01
 1.24907254e-01
 1.26946585e-01
 1.29035600e-01
 1.31175917e-01
 1.33369217e-01
 1.35617250e-01
 1.37921842e-01
 1.40284893e-01
 1.42708383e-01
 1.45194377e-01
 1.47745028e-01
 1.50362581e-01
 1.53049383e-01
 1.55807881e-01
 1.58640630e-01
 1.61550300e-01
 1.64539685e-01
 1.67611702e-01
 1.70769403e-01
 1.74015984e-01
 1.77354789e-01
 1.80789319e-01
 1.84323245e-01
 1.87960412e-01
 1.91704854e-01
 1.95560802e-01
 1.99532698e-01
 2.03625204e-01
 2.07843221e-01
 2.12191898e-01
 2.16676650e-01
 2.21303176e-01
 2.26077474e-01
 2.31005858e-01
 2.36094989e-01
 2.41351885e-01
 2.46783947e-01
 2.52398995e-01
 2.58205283e-01
 2.64211531e-01
 2.70426969e-01
 2.76861355e-01
 2.83525021e-01
 2.90428919e-01
 2.97584656e-01
 3.05004541e-01
 3.12701652e-01
 3.20689875e-01
 3.28983972e-01
 3.37599655e-01
 3.46553649e-01
 3.55863774e-01
 3.65549043e-01
 3.75629739e-01
 3.86127531e-01
 3.97065594e-01
 4.08468722e-01
 4.20363466e-01
 4.32778307e-01
 4.45743796e-01
 4.59292755e-01
 4.73460475e-01
 4.88284956e-01
 5.03807134e-01
 5.20071172e-01
 5.37124784e-01
 5.55019549e-01
 5.73811309e-01
 5.93560615e-01
 6.14333175e-01
 6.36200406e-01
 6.59240060e-01
 6.83536863e-01
 7.09183305e-01
 7.36280522e-01
 7.64939240e-01
 7.95280907e-01
 8.27438986e-01
 8.61560350e-01
 8.97806955e-01
 9.36357766e-01
 9.77410872e-01
 1.02118602e+00
 1.06792755e+00
 1.11790768e+00
 1.17143044e+00
 1.22883629e+00
 1.29050734e+00
 1.35687367e+00
 1.42842079e+00
 1.50569828e+00
 1.58933019e+00
 1.68002764e+00
 1.77860348e+00
 1.88599038e+00
 2.00326267e+00
 2.13166268e+00
 2.27263326e+00
 2.42785795e+00
 2.59931036e+00
 2.78931624e+00
 3.00063156e+00
 3.23654097e+00
