 9.58405637e-02
 9.71951836e-02
 9.85787277e-02
 9.99920248e-02
 1.01435934e-01
 1.02911347e-01
 1.04419185e-01
 1.05960407e-01
 1.07536005e-01
 1.09147009e-01
 1.10794487e-01
 1.12479550e-01
 1.14203350e-01
 1.15967082e-01
 1.17771990e-01
 1.19619366e-01
 1.21510551e-01
 1.23446944e-01
 1.25429996e-01
 1.27461218e-01
 1.29542183e-01
 1.31674529e-01
 1.33859960e-01
 1.36100256e-01
 1.38397266e-01
 1.40752922e-01
 1.43169237e-01
 1.45648312e-01
 1.48192339e-01
 1.50803607e-01
 1.53484508e-01
 1.56237539e-01
 1.59065310e-01
 1.61970553e-01
 1.64956122e-01
 1.68025007e-01
 1.71180338e-01
 1.74425391e-01
 1.77763599e-01
 1.81198566e-01
 1.84734064e-01
 1.88374056e-01
 1.92122702e-01
 1.95984369e-01
 1.99963645e-01
 2.04065357e-01
 2.08294578e-01
 2.12656649e-01
 2.17157195e-01
 2.21802138e-01
 2.26597720e-01
 2.31550530e-01
 2.36667515e-01
 2.41956010e-01
 2.47423770e-01
 2.53078989e-01
 2.58930332e-01
 2.64986977e-01
 2.71258642e-01
 2.77755623e-01
 2.84488849e-01
 2.91469912e-01
 2.98711123e-01
 3.06225575e-01
 3.14027189e-01
 3.22130782e-01
 3.30552148e-01
 3.39308118e-01
 3.48416654e-01
 3.57896947e-01
 3.67769504e-01
 3.78056265e-01
 3.88780734e-01
 3.99968099e-01
 4.11645388e-01
 4.23841627e-01
 4.36588034e-01
 4.49918203e-01
 4.63868327e-01
 4.78477462e-01
 4.93787778e-01
 5.09844870e-01
 5.26698115e-01
 5.44401026e-01
 5.63011686e-01
 5.82593248e-01
 6.03214433e-01
 6.24950153e-01
 6.47882210e-01
 6.72100031e-01
 6.97701559e-01
 7.24794262e-01
 7.53496229e-01
 7.83937471e-01
 8.16261426e-01
 8.50626602e-01
 8.87208545e-01
 9.26202119e-01
 9.67824045e-01
 1.01231595e+00
 1.05994791e+00
 1.11102250e+00
 1.16587964e+00
 1.22490230e+00
 1.28852314e+00
 1.35723246e+00
 1.43158779e+00
 1.51222507e+00
 1.59987239e+00
 1.69536651e+00
 1.79967281e+00
 1.91390983e+00
 2.03937948e+00
 2.17760410e+00
 2.33037297e+00
 2.49980061e+00
 2.68840013e+00
