 9.26313495e-02
 9.39530539e-02
 9.53039630e-02
 9.66849544e-02
 9.80969389e-02
 9.95408626e-02
 1.01017708e-01
 1.02528496e-01
 1.04074288e-01
 1.05656186e-01
 1.07275339e-01
 1.08932939e-01
 1.10630230e-01
 1.12368504e-01
 1.14149107e-01
 1.15973442e-01
 1.17842972e-01
 1.19759220e-01
 1.21723775e-01
 1.23738294e-01
 1.25804509e-01
 1.27924224e-01
 1.30099326e-01
 1.32331786e-01
 1.34623663e-01
 1.36977111e-01
 1.39394384e-01
 1.41877838e-01
 1.44429944e-01
 1.47053285e-01
 1.49750571e-01
 1.52524643e-01
 1.55378480e-01
 1.58315207e-01
 1.61338106e-01
 1.64450624e-01
 1.67656385e-01
 1.70959195e-01
 1.74363063e-01
 1.77872204e-01
 1.81491061e-01
 1.85224313e-01
 1.89076892e-01
 1.93054005e-01
 1.97161143e-01
 2.01404110e-01
 2.05789036e-01
 2.10322407e-01
 2.15011083e-01
 2.19862331e-01
 2.24883849e-01
 2.30083801e-01
 2.35470850e-01
 2.41054193e-01
 2.46843607e-01
 2.52849487e-01
 2.59082899e-01
 2.65555628e-01
 2.72280241e-01
 2.79270145e-01
 2.86539659e-01
 2.94104087e-01
 3.01979806e-01
 3.10184350e-01
 3.18736520e-01
 3.27656485e-01
 3.36965913e-01
 3.46688104e-01
 3.56848138e-01
 3.67473046e-01
 3.78591994e-01
 3.90236487e-01
 4.02440606e-01
 4.15241256e-01
 4.28678465e-01
 4.42795696e-01
 4.57640219e-01
 4.73263515e-01
 4.89721738e-01
 5.07076235e-01
 5.25394138e-01
 5.44749034e-01
 5.65221729e-01
 5.86901116e-01
 6.09885176e-01
 6.34282121e-01
 6.60211707e-01
 6.87806755e-01
 7.17214909e-01
 7.48600675e-01
 7.82147800e-01
 8.18062052e-01
 8.56574483e-01
 8.97945268e-01
 9.42468252e-01
 9.90476346e-01
 1.04234796e+00
 1.09851471e+00
 1.15947076e+00
 1.22578399e+00
 1.29810975e+00
 1.37720757e+00
 1.46396188e+00
 1.55940758e+00
 1.66476202e+00
 1.78146526e+00
 1.91123108e+00
 2.05611227e+00
 2.21858491e+00
 2.40165820e+00
 2.60901927e+00
 2.84522624e+00
 3.11596887e+00
 3.42842542e+00
 3.79175875e+00
 4.21781749e+00
 4.72214580e+00
