 1.00856362e-01
 1.02402031e-01
 1.03983506e-01
 1.05601902e-01
 1.07258378e-01
 1.08954136e-01
 1.10690430e-01
 1.12468561e-01
 1.14289884e-01
 1.16155811e-01
 1.18067808e-01
 1.20027407e-01
 1.22036199e-01
 1.24095845e-01
 1.26208077e-01
 1.28374699e-01
 1.30597597e-01
 1.32878734e-01
 1.35220165e-01
 1.37624032e-01
 1.40092575e-01
 1.42628136e-01
 1.45233162e-01
 1.47910215e-01
 1.50661974e-01
 1.53491245e-01
 1.56400967e-01
 1.59394218e-01
 1.62474228e-01
 1.65644383e-01
 1.68908233e-01
 1.72269508e-01
 1.75732125e-01
 1.79300199e-01
 1.82978057e-01
 1.86770247e-01
 1.90681560e-01
 1.94717037e-01
 1.98881989e-01
 2.03182016e-01
 2.07623022e-01
 2.12211237e-01
 2.16953241e-01
 2.21855985e-01
 2.26926815e-01
 2.32173505e-01
 2.37604280e-01
 2.43227856e-01
 2.49053466e-01
 2.55090907e-01
 2.61350574e-01
 2.67843508e-01
 2.74581446e-01
 2.81576872e-01
 2.88843073e-01
 2.96394208e-01
 3.04245370e-01
 3.12412668e-01
 3.20913305e-01
 3.29765670e-01
 3.38989440e-01
 3.48605685e-01
 3.58636991e-01
 3.69107595e-01
 3.80043525e-01
 3.91472769e-01
 4.03425450e-01
 4.15934026e-01
 4.29033511e-01
 4.42761718e-01
 4.57159537e-01
 4.72271234e-01
 4.88144795e-01
 5.04832307e-01
 5.22390387e-01
 5.40880659e-01
 5.60370300e-01
 5.80932648e-01
 6.02647895e-01
 6.25603867e-01
 6.49896917e-01
 6.75632935e-01
 7.02928505e-01
 7.31912230e-01
 7.62726243e-01
 7.95527960e-01
 8.30492091e-01
 8.67812970e-01
 9.07707265e-01
 9.50417126e-01
 9.96213870e-01
 1.04540230e+00
 1.09832579e+00
 1.15537230e+00
 1.21698149e+00
 1.28365323e+00
 1.35595777e+00
 1.43454796e+00
 1.52017409e+00
 1.61370179e+00
 1.71613403e+00
 1.82863813e+00
 1.95257916e+00
 2.08956153e+00
 2.24148118e+00
 2.41059156e+00
 2.59958764e+00
 2.81171399e+00
 3.05090496e+00
 3.32196835e+00
 3.63082904e+00
 3.98485546e+00
 4.39330315e+00
 4.86792593e+00
 5.42383105e+00
 6.08069639e+00
 6.86453616e+00
