19.8  0 
19.8  0 
19.8  0 
19.8  0 
19.8  0 
19.8  0 
19.8  0 
19.8  0 
19.8  0 
19.8  0 
19.8  0 
19.8  0 
19.8  0 
19.8  0 
19.8  0 
19.8  0 
19.8  0 
19.8  0 
19.8  0 
19.8  0 
19.8  0 
19.8  0 
19.8  0 
19.8  0 
19.8  0 
19.8  0 
19.8  0 
19.8  0 
19.8  0 
19.8  0 
19.8  0 
19.8  0 
19.8  0 
19.8  0 
19.8  0 
19.8  0 
19.8  0 
19.8  0 
19.8  0 
19.8  0 
19.8  0 
19.8  0 
19.8  0 
19.8  0 
19.8  0 
19.8  0 
19.8  0 
19.8  0 
19.8  0 
19.8  0 
19.8  0 
19.8  0 
19.8  0 
19.8  0 
19.8  0 
19.8  0 
19.8  0 
19.8  0 
19.8  0 
19.8  0 
19.8  0 
19.8  0 
19.8  0 
19.8  0 
19.8  0 
19.8  0 
19.8  0 
19.8  0 
19.8  0 
19.8  0 
19.8  0 
19.8  0 
19.8  0 
19.8  0 
19.8  0 
19.8  0 
19.8  0 
19.8  0 
19.8  0 
19.8  0 
19.8  0 
19.8  0 
19.8  0 
19.8  0 
19.8  0 
19.8  0 
19.8  0 
19.8  0 
19.8  0 
19.8  0 
19.8  0 
19.8  0 
19.8  0 
19.8  0 
19.8  0 
19.8  0 
19.8  0 
19.8  0 
19.8  0 
19.8  0 
19.8  0 
19.8  0 
19.8  0 
19.8  0 
19.8  0 
19.8  0 
19.8  0 
19.8  0 
19.8  0 
19.8  0 
19.8  0 
19.8  0 
19.8  0 
19.8  0 
19.8  0 
19.8  0 
19.8  0 
19.8  4 
19.8  0 
19.8  0 
19.8  0 
19.8  0 
19.8  0 
19.8  0 
19.8  0 
19.8  0 
19.8  0 
19.8  0 
19.8  0 
19.8  0 
19.8  0 
19.8  0 
19.8  0 
19.8  0 
19.8  0 
19.8  0 
19.8  0 
19.8  0 
19.8  0 
19.8  0 
