 1.77359604e-01
 1.79920720e-01
 1.82537715e-01
 1.85212224e-01
 1.87945947e-01
 1.90740644e-01
 1.93598142e-01
 1.96520337e-01
 1.99509197e-01
 2.02566764e-01
 2.05695162e-01
 2.08896595e-01
 2.12173355e-01
 2.15527822e-01
 2.18962474e-01
 2.22479887e-01
 2.26082742e-01
 2.29773827e-01
 2.33556049e-01
 2.37432432e-01
 2.41406128e-01
 2.45480421e-01
 2.49658736e-01
 2.53944645e-01
 2.58341873e-01
 2.62854310e-01
 2.67486014e-01
 2.72241228e-01
 2.77124381e-01
 2.82140106e-01
 2.87293242e-01
 2.92588860e-01
 2.98032256e-01
 3.03628984e-01
 3.09384855e-01
 3.15305963e-01
 3.21398690e-01
 3.27669737e-01
 3.34126127e-01
 3.40775242e-01
 3.47624825e-01
 3.54683016e-01
 3.61958377e-01
 3.69459904e-01
 3.77197075e-01
 3.85179860e-01
 3.93418769e-01
 4.01924874e-01
 4.10709859e-01
 4.19786044e-01
 4.29166450e-01
 4.38864819e-01
 4.48895693e-01
 4.59274439e-01
 4.70017339e-01
 4.81141623e-01
 4.92665567e-01
 5.04608539e-01
 5.16991112e-01
 5.29835121e-01
 5.43163787e-01
 5.57001803e-01
 5.71375450e-01
 5.86312742e-01
 6.01843531e-01
 6.17999689e-01
 6.34815236e-01
 6.52326562e-01
 6.70572576e-01
 6.89594971e-01
 7.09438415e-01
 7.30150860e-01
 7.51783787e-01
 7.74392569e-01
 7.98036783e-01
 8.22780649e-01
 8.48693415e-01
 8.75849897e-01
 9.04330964e-01
 9.34224198e-01
 9.65624516e-01
 9.98634943e-01
 1.03336750e+00
 1.06994406e+00
 1.10849753e+00
 1.14917297e+00
 1.19212903e+00
 1.23753942e+00
 1.28559477e+00
 1.33650451e+00
 1.39049930e+00
 1.44783350e+00
 1.50878830e+00
 1.57367507e+00
 1.64283944e+00
 1.71666579e+00
 1.79558277e+00
 1.88006934e+00
 1.97066227e+00
 2.06796443e+00
 2.17265515e+00
 2.28550182e+00
 2.40737412e+00
 2.53926097e+00
 2.68229030e+00
 2.83775368e+00
 3.00713515e+00
 3.19214716e+00
 3.39477366e+00
 3.61732389e+00
 3.86249802e+00
 4.13346996e+00
 4.43399010e+00
 4.76851610e+00
 5.14237906e+00
 5.56199719e+00
 6.03515319e+00
