 1.24007519e-01
 1.25798218e-01
 1.27627986e-01
 1.29497968e-01
 1.31409352e-01
 1.33363367e-01
 1.35361293e-01
 1.37404453e-01
 1.39494225e-01
 1.41632036e-01
 1.43819371e-01
 1.46057771e-01
 1.48348838e-01
 1.50694238e-01
 1.53095702e-01
 1.55555031e-01
 1.58074100e-01
 1.60654859e-01
 1.63299339e-01
 1.66009655e-01
 1.68788012e-01
 1.71636704e-01
 1.74558127e-01
 1.77554779e-01
 1.80629263e-01
 1.83784300e-01
 1.87022727e-01
 1.90347511e-01
 1.93761748e-01
 1.97268677e-01
 2.00871683e-01
 2.04574309e-01
 2.08380261e-01
 2.12293420e-01
 2.16317850e-01
 2.20457811e-01
 2.24717766e-01
 2.29102400e-01
 2.33616624e-01
 2.38265598e-01
 2.43054737e-01
 2.47989732e-01
 2.53076569e-01
 2.58321539e-01
 2.63731269e-01
 2.69312727e-01
 2.75073265e-01
 2.81020622e-01
 2.87162969e-01
 2.93508919e-01
 3.00067577e-01
 3.06848550e-01
 3.13862005e-01
 3.21118689e-01
 3.28629985e-01
 3.36407939e-01
 3.44465330e-01
 3.52815700e-01
 3.61473433e-01
 3.70453796e-01
 3.79773026e-01
 3.89448386e-01
 3.99498252e-01
 4.09942212e-01
 4.20801136e-01
 4.32097311e-01
 4.43854522e-01
 4.56098212e-01
 4.68855587e-01
 4.82155797e-01
 4.96030074e-01
 5.10511945e-01
 5.25637405e-01
 5.41445170e-01
 5.57976896e-01
 5.75277484e-01
 5.93395351e-01
 6.12382809e-01
 6.32296398e-01
 6.53197357e-01
 6.75152049e-01
 6.98232509e-01
 7.22517056e-01
 7.48090909e-01
 7.75046995e-01
 8.03486731e-01
 8.33521048e-01
 8.65271399e-01
 8.98871070e-01
 9.34466497e-01
 9.72218949e-01
 1.01230627e+00
 1.05492507e+00
 1.10029305e+00
 1.14865188e+00
 1.20027030e+00
 1.25544802e+00
 1.31451993e+00
 1.37786132e+00
 1.44589372e+00
 1.51909210e+00
 1.59799302e+00
 1.68320455e+00
 1.77541810e+00
 1.87542235e+00
 1.98412031e+00
 2.10254962e+00
 2.23190760e+00
 2.37358140e+00
 2.52918562e+00
 2.70060817e+00
 2.89006821e+00
 3.10018797e+00
 3.33408418e+00
 3.59548427e+00
 3.88887579e+00
 4.21970029e+00
