 1.09486621e-01
 1.11030364e-01
 1.12607339e-01
 1.14218513e-01
 1.15864888e-01
 1.17547500e-01
 1.19267427e-01
 1.21025787e-01
 1.22823740e-01
 1.24662490e-01
 1.26543286e-01
 1.28467428e-01
 1.30436266e-01
 1.32451201e-01
 1.34513691e-01
 1.36625254e-01
 1.38787467e-01
 1.41001971e-01
 1.43270476e-01
 1.45594760e-01
 1.47976678e-01
 1.50418162e-01
 1.52921224e-01
 1.55487964e-01
 1.58120573e-01
 1.60821335e-01
 1.63592637e-01
 1.66436970e-01
 1.69356937e-01
 1.72355256e-01
 1.75434773e-01
 1.78598462e-01
 1.81849434e-01
 1.85190948e-01
 1.88626417e-01
 1.92159414e-01
 1.95793686e-01
 1.99533163e-01
 2.03381966e-01
 2.07344423e-01
 2.11425078e-01
 2.15628703e-01
 2.19960317e-01
 2.24425197e-01
 2.29028895e-01
 2.33777260e-01
 2.38676448e-01
 2.43732951e-01
 2.48953613e-01
 2.54345657e-01
 2.59916709e-01
 2.65674824e-01
 2.71628516e-01
 2.77786793e-01
 2.84159188e-01
 2.90755798e-01
 2.97587325e-01
 3.04665118e-01
 3.12001222e-01
 3.19608432e-01
 3.27500344e-01
 3.35691424e-01
 3.44197069e-01
 3.53033687e-01
 3.62218764e-01
 3.71770968e-01
 3.81710239e-01
 3.92057889e-01
 4.02836725e-01
 4.14071174e-01
 4.25787424e-01
 4.38013574e-01
 4.50779815e-01
 4.64118608e-01
 4.78064903e-01
 4.92656366e-01
 5.07933629e-01
 5.23940597e-01
 5.40724753e-01
 5.58337518e-01
 5.76834653e-01
 5.96276705e-01
 6.16729509e-01
 6.38264759e-01
 6.60960637e-01
 6.84902541e-01
 7.10183896e-01
 7.36907087e-01
 7.65184483e-01
 7.95139681e-01
 8.26908845e-01
 8.60642286e-01
 8.96506267e-01
 9.34685086e-01
 9.75383474e-01
 1.01882939e+00
 1.06527726e+00
 1.11501176e+00
 1.16835226e+00
 1.22565798e+00
 1.28733423e+00
 1.35383960e+00
 1.42569471e+00
 1.50349249e+00
 1.58791066e+00
 1.67972674e+00
 1.77983625e+00
 1.88927493e+00
 2.00924600e+00
 2.14115385e+00
 2.28664588e+00
 2.44766477e+00
 2.62651476e+00
 2.82594560e+00
 3.04926025e+00
 3.30045447e+00
 3.58439926e+00
