 1.14244909e-01
 1.15906632e-01
 1.17604875e-01
 1.19340716e-01
 1.21115276e-01
 1.22929711e-01
 1.24785228e-01
 1.26683075e-01
 1.28624550e-01
 1.30611000e-01
 1.32643825e-01
 1.34724481e-01
 1.36854479e-01
 1.39035393e-01
 1.41268857e-01
 1.43556575e-01
 1.45900317e-01
 1.48301928e-01
 1.50763329e-01
 1.53286521e-01
 1.55873589e-01
 1.58526709e-01
 1.61248148e-01
 1.64040272e-01
 1.66905550e-01
 1.69846560e-01
 1.72865995e-01
 1.75966669e-01
 1.79151522e-01
 1.82423628e-01
 1.85786205e-01
 1.89242618e-01
 1.92796392e-01
 1.96451219e-01
 2.00210965e-01
 2.04079687e-01
 2.08061636e-01
 2.12161274e-01
 2.16383285e-01
 2.20732589e-01
 2.25214356e-01
 2.29834017e-01
 2.34597290e-01
 2.39510188e-01
 2.44579047e-01
 2.49810536e-01
 2.55211688e-01
 2.60789921e-01
 2.66553060e-01
 2.72509369e-01
 2.78667578e-01
 2.85036919e-01
 2.91627150e-01
 2.98448607e-01
 3.05512235e-01
 3.12829634e-01
 3.20413107e-01
 3.28275713e-01
 3.36431320e-01
 3.44894671e-01
 3.53681444e-01
 3.62808332e-01
 3.72293116e-01
 3.82154762e-01
 3.92413494e-01
 4.03090924e-01
 4.14210152e-01
 4.25795891e-01
 4.37874607e-01
 4.50474672e-01
 4.63626526e-01
 4.77362866e-01
 4.91718844e-01
 5.06732297e-01
 5.22443997e-01
 5.38897926e-01
 5.56141573e-01
 5.74226301e-01
 5.93207713e-01
 6.13146083e-01
 6.34106836e-01
 6.56161086e-01
 6.79386239e-01
 7.03866674e-01
 7.29694508e-01
 7.56970468e-01
 7.85804871e-01
 8.16318752e-01
 8.48645099e-01
 8.82930360e-01
 9.19336068e-01
 9.58040754e-01
 9.99242143e-01
 1.04315968e+00
 1.09003748e+00
 1.14014767e+00
 1.19379442e+00
 1.25131853e+00
 1.31310286e+00
 1.37957869e+00
 1.45123334e+00
 1.52861905e+00
 1.61236370e+00
 1.70318356e+00
 1.80189869e+00
 1.90945146e+00
 2.02692919e+00
 2.15559168e+00
 2.29690518e+00
 2.45258431e+00
 2.62464437e+00
 2.81546672e+00
 3.02788189e+00
 3.26527499e+00
 3.53172143e+00
 3.83216302e+00
 4.17263874e+00
