 1.30844510e-04
 1.32733937e-04
 1.34664587e-04
 1.36637669e-04
 1.38654434e-04
 1.40716181e-04
 1.42824260e-04
 1.44980067e-04
 1.47185055e-04
 1.49440732e-04
 1.51748663e-04
 1.54110474e-04
 1.56527857e-04
 1.59002567e-04
 1.61536433e-04
 1.64131354e-04
 1.66789308e-04
 1.69512354e-04
 1.72302634e-04
 1.75162380e-04
 1.78093917e-04
 1.81099668e-04
 1.84182161e-04
 1.87344028e-04
 1.90588021e-04
 1.93917006e-04
 1.97333980e-04
 2.00842071e-04
 2.04444548e-04
 2.08144826e-04
 2.11946480e-04
 2.15853245e-04
 2.19869033e-04
 2.23997939e-04
 2.28244251e-04
 2.32612463e-04
 2.37107286e-04
 2.41733660e-04
 2.46496771e-04
 2.51402059e-04
 2.56455240e-04
 2.61662321e-04
 2.67029613e-04
 2.72563759e-04
 2.78271745e-04
 2.84160931e-04
 2.90239068e-04
 2.96514326e-04
 3.02995322e-04
 3.09691149e-04
 3.16611408e-04
 3.23766242e-04
 3.31166375e-04
 3.38823148e-04
 3.46748567e-04
 3.54955350e-04
 3.63456973e-04
 3.72267732e-04
 3.81402797e-04
 3.90878281e-04
 4.00711313e-04
 4.10920110e-04
 4.21524064e-04
 4.32543836e-04
 4.44001455e-04
 4.55920427e-04
 4.68325859e-04
 4.81244587e-04
 4.94705325e-04
 5.08738823e-04
 5.23378042e-04
 5.38658350e-04
 5.54617734e-04
 5.71297038e-04
 5.88740221e-04
 6.06994652e-04
 6.26111427e-04
 6.46145730e-04
 6.67157233e-04
 6.89210536e-04
 7.12375668e-04
 7.36728642e-04
 7.62352082e-04
 7.89335920e-04
 8.17778190e-04
 8.47785919e-04
 8.79476133e-04
 9.12977004e-04
 9.48429144e-04
 9.85987084e-04
 1.02582096e-03
 1.06811845e-03
 1.11308698e-03
 1.16095627e-03
 1.21198129e-03
 1.26644563e-03
 1.32466550e-03
 1.38699427e-03
 1.45382789e-03
 1.52561119e-03
 1.60284525e-03
 1.68609626e-03
 1.77600582e-03
 1.87330344e-03
 1.97882130e-03
 2.09351217e-03
 2.21847094e-03
 2.35496089e-03
 2.50444571e-03
 2.66862893e-03
 2.84950267e-03
 3.04940833e-03
 3.27111276e-03
 3.51790453e-03
 3.79371657e-03
 4.10328385e-03
 4.45234792e-03
