 9.21265442e-02
 9.38540187e-02
 9.56274975e-02
 9.74485740e-02
 9.93189096e-02
 1.01240237e-01
 1.03214366e-01
 1.05243182e-01
 1.07328657e-01
 1.09472849e-01
 1.11677910e-01
 1.13946088e-01
 1.16279733e-01
 1.18681305e-01
 1.21153377e-01
 1.23698642e-01
 1.26319921e-01
 1.29020170e-01
 1.31802485e-01
 1.34670114e-01
 1.37626463e-01
 1.40675106e-01
 1.43819795e-01
 1.47064471e-01
 1.50413275e-01
 1.53870559e-01
 1.57440902e-01
 1.61129119e-01
 1.64940282e-01
 1.68879731e-01
 1.72953093e-01
 1.77166301e-01
 1.81525613e-01
 1.86037634e-01
 1.90709337e-01
 1.95548091e-01
 2.00561685e-01
 2.05758358e-01
 2.11146829e-01
 2.16736333e-01
 2.22536653e-01
 2.28558165e-01
 2.34811873e-01
 2.41309465e-01
 2.48063352e-01
 2.55086734e-01
 2.62393647e-01
 2.69999039e-01
 2.77918832e-01
 2.86170001e-01
 2.94770658e-01
 3.03740144e-01
 3.13099126e-01
 3.22869709e-01
 3.33075554e-01
 3.43742012e-01
 3.54896264e-01
 3.66567484e-01
 3.78787012e-01
 3.91588549e-01
 4.05008367e-01
 4.19085549e-01
 4.33862247e-01
 4.49383972e-01
 4.65699918e-01
 4.82863316e-01
 5.00931837e-01
 5.19968034e-01
 5.40039837e-01
 5.61221115e-01
 5.83592295e-01
 6.07241065e-01
 6.32263165e-01
 6.58763271e-01
 6.86856007e-01
 7.16667077e-01
 7.48334562e-01
 7.82010385e-01
 8.17861984e-01
 8.56074228e-01
 8.96851601e-01
 9.40420716e-01
 9.87033213e-01
 1.03696909e+00
 1.09054056e+00
 1.14809657e+00
 1.21002796e+00
 1.27677364e+00
 1.34882766e+00
 1.42674767e+00
 1.51116480e+00
 1.60279546e+00
 1.70245527e+00
 1.81107574e+00
 1.92972437e+00
 2.05962869e+00
 2.20220553e+00
 2.35909655e+00
 2.53221173e+00
 2.72378290e+00
 2.93642999e+00
 3.17324353e+00
 3.43788809e+00
 3.73473296e+00
 4.06901844e+00
 4.44706908e+00
 4.87656977e+00
 5.36692617e+00
 5.92974036e+00
 6.57944500e+00
 7.33415893e+00
 8.21685615e+00
 9.25698507e+00
 1.04927454e+01
 1.19743433e+01
 1.37687296e+01
 1.59666390e+01
