 7.01911154e-02
 7.12668257e-02
 7.23674553e-02
 7.34937801e-02
 7.46466062e-02
 7.58267714e-02
 7.70351471e-02
 7.82726397e-02
 7.95401922e-02
 8.08387861e-02
 8.21694434e-02
 8.35332283e-02
 8.49312497e-02
 8.63646632e-02
 8.78346736e-02
 8.93425375e-02
 9.08895656e-02
 9.24771263e-02
 9.41066478e-02
 9.57796222e-02
 9.74976080e-02
 9.92622348e-02
 1.01075206e-01
 1.02938304e-01
 1.04853395e-01
 1.06822430e-01
 1.08847454e-01
 1.10930612e-01
 1.13074149e-01
 1.15280422e-01
 1.17551903e-01
 1.19891187e-01
 1.22301000e-01
 1.24784205e-01
 1.27343815e-01
 1.29982995e-01
 1.32705078e-01
 1.35513573e-01
 1.38412177e-01
 1.41404786e-01
 1.44495510e-01
 1.47688684e-01
 1.50988888e-01
 1.54400959e-01
 1.57930010e-01
 1.61581450e-01
 1.65361005e-01
 1.69274740e-01
 1.73329081e-01
 1.77530846e-01
 1.81887269e-01
 1.86406035e-01
 1.91095312e-01
 1.95963787e-01
 2.01020709e-01
 2.06275931e-01
 2.11739958e-01
 2.17423999e-01
 2.23340028e-01
 2.29500844e-01
 2.35920138e-01
 2.42612576e-01
 2.49593877e-01
 2.56880906e-01
 2.64491781e-01
 2.72445978e-01
 2.80764462e-01
 2.89469821e-01
 2.98586425e-01
 3.08140588e-01
 3.18160769e-01
 3.28677774e-01
 3.39724999e-01
 3.51338694e-01
 3.63558263e-01
 3.76426591e-01
 3.89990432e-01
 4.04300825e-01
 4.19413579e-01
 4.35389817e-01
 4.52296596e-01
 4.70207611e-01
 4.89203998e-01
 5.09375258e-01
 5.30820310e-01
 5.53648708e-01
 5.77982039e-01
 6.03955553e-01
 6.31720039e-01
 6.61444021e-01
 6.93316324e-01
 7.27549075e-01
 7.64381247e-01
 8.04082837e-01
 8.46959831e-01
 8.93360113e-01
 9.43680552e-01
 9.98375506e-01
 1.05796712e+00
 1.12305785e+00
 1.19434570e+00
 1.27264308e+00
 1.35889999e+00
 1.45423305e+00
 1.55996173e+00
 1.67765431e+00
 1.80918638e+00
 1.95681599e+00
 2.12328124e+00
 2.31192816e+00
 2.52688016e+00
 2.77326530e+00
 3.05752499e+00
 3.38783932e+00
 3.77472221e+00
 4.23186850e+00
 4.77738279e+00
