 1.11736442e-03
 1.13225204e-03
 1.14744768e-03
 1.16296000e-03
 1.17879800e-03
 1.19497098e-03
 1.21148859e-03
 1.22836081e-03
 1.24559803e-03
 1.26321100e-03
 1.28121086e-03
 1.29960918e-03
 1.31841800e-03
 1.33764976e-03
 1.35731744e-03
 1.37743449e-03
 1.39801490e-03
 1.41907320e-03
 1.44062452e-03
 1.46268458e-03
 1.48526975e-03
 1.50839705e-03
 1.53208423e-03
 1.55634976e-03
 1.58121288e-03
 1.60669366e-03
 1.63281301e-03
 1.65959275e-03
 1.68705564e-03
 1.71522545e-03
 1.74412699e-03
 1.77378619e-03
 1.80423012e-03
 1.83548712e-03
 1.86758680e-03
 1.90056015e-03
 1.93443963e-03
 1.96925920e-03
 2.00505446e-03
 2.04186273e-03
 2.07972314e-03
 2.11867673e-03
 2.15876660e-03
 2.20003800e-03
 2.24253849e-03
 2.28631803e-03
 2.33142921e-03
 2.37792735e-03
 2.42587071e-03
 2.47532065e-03
 2.52634186e-03
 2.57900257e-03
 2.63337479e-03
 2.68953455e-03
 2.74756219e-03
 2.80754265e-03
 2.86956581e-03
 2.93372680e-03
 3.00012643e-03
 3.06887155e-03
 3.14007552e-03
 3.21385871e-03
 3.29034898e-03
 3.36968231e-03
 3.45200337e-03
 3.53746626e-03
 3.62623522e-03
 3.71848544e-03
 3.81440399e-03
 3.91419077e-03
 4.01805963e-03
 4.12623951e-03
 4.23897575e-03
 4.35653160e-03
 4.47918970e-03
 4.60725395e-03
 4.74105140e-03
 4.88093441e-03
 5.02728309e-03
 5.18050794e-03
 5.34105286e-03
 5.50939848e-03
 5.68606586e-03
 5.87162071e-03
 6.06667805e-03
 6.27190750e-03
 6.48803927e-03
 6.71587085e-03
 6.95627466e-03
 7.21020670e-03
 7.47871641e-03
 7.76295792e-03
 8.06420290e-03
 8.38385531e-03
 8.72346839e-03
 9.08476419e-03
 9.46965626e-03
 9.88027590e-03
 1.03190028e-02
 1.07885008e-02
 1.12917599e-02
 1.18321456e-02
 1.24134572e-02
 1.30399976e-02
 1.37166554e-02
 1.44490043e-02
 1.52434220e-02
 1.61072351e-02
 1.70488938e-02
 1.80781873e-02
 1.92065083e-02
 2.04471803e-02
 2.18158676e-02
 2.33310891e-02
 2.50148707e-02
 2.68935793e-02
 2.89989977e-02
