 1.20910198e-03
 1.22656171e-03
 1.24440238e-03
 1.26263514e-03
 1.28127156e-03
 1.30032367e-03
 1.31980390e-03
 1.33972519e-03
 1.36010094e-03
 1.38094510e-03
 1.40227212e-03
 1.42409704e-03
 1.44643548e-03
 1.46930367e-03
 1.49271850e-03
 1.51669753e-03
 1.54125903e-03
 1.56642203e-03
 1.59220632e-03
 1.61863253e-03
 1.64572214e-03
 1.67349755e-03
 1.70198211e-03
 1.73120015e-03
 1.76117709e-03
 1.79193942e-03
 1.82351484e-03
 1.85593225e-03
 1.88922185e-03
 1.92341521e-03
 1.95854536e-03
 1.99464682e-03
 2.03175573e-03
 2.06990994e-03
 2.10914906e-03
 2.14951464e-03
 2.19105019e-03
 2.23380138e-03
 2.27781611e-03
 2.32314468e-03
 2.36983989e-03
 2.41795723e-03
 2.46755507e-03
 2.51869475e-03
 2.57144085e-03
 2.62586137e-03
 2.68202794e-03
 2.74001605e-03
 2.79990535e-03
 2.86177984e-03
 2.92572825e-03
 2.99184432e-03
 3.06022713e-03
 3.13098148e-03
 3.20421834e-03
 3.28005521e-03
 3.35861662e-03
 3.44003467e-03
 3.52444956e-03
 3.61201019e-03
 3.70287482e-03
 3.79721180e-03
 3.89520034e-03
 3.99703135e-03
 4.10290839e-03
 4.21304869e-03
 4.32768423e-03
 4.44706302e-03
 4.57145040e-03
 4.70113050e-03
 4.83640793e-03
 4.97760951e-03
 5.12508626e-03
 5.27921561e-03
 5.44040378e-03
 5.60908849e-03
 5.78574191e-03
 5.97087399e-03
 6.16503612e-03
 6.36882528e-03
 6.58288857e-03
 6.80792843e-03
 7.04470834e-03
 7.29405936e-03
 7.55688739e-03
 7.83418144e-03
 8.12702293e-03
 8.43659625e-03
 8.76420076e-03
 9.11126446e-03
 9.47935954e-03
 9.87022027e-03
 1.02857634e-02
 1.07281118e-02
 1.11996214e-02
 1.17029130e-02
 1.22409085e-02
 1.28168734e-02
 1.34344665e-02
 1.40977983e-02
 1.48114993e-02
 1.55808014e-02
 1.64116336e-02
 1.73107369e-02
 1.82858016e-02
 1.93456317e-02
 2.05003450e-02
 2.17616151e-02
 2.31429676e-02
 2.46601445e-02
 2.63315543e-02
 2.81788334e-02
 3.02275496e-02
 3.25080917e-02
 3.50568030e-02
 3.79174382e-02
 4.11430536e-02
