 6.74049435e-04
 6.83400757e-04
 6.92950744e-04
 7.02705104e-04
 7.12669750e-04
 7.22850813e-04
 7.33254648e-04
 7.43887847e-04
 7.54757250e-04
 7.65869951e-04
 7.77233319e-04
 7.88855000e-04
 8.00742939e-04
 8.12905387e-04
 8.25350921e-04
 8.38088455e-04
 8.51127259e-04
 8.64476976e-04
 8.78147638e-04
 8.92149688e-04
 9.06493999e-04
 9.21191893e-04
 9.36255170e-04
 9.51696124e-04
 9.67527578e-04
 9.83762901e-04
 1.00041604e-03
 1.01750157e-03
 1.03503468e-03
 1.05303125e-03
 1.07150788e-03
 1.09048191e-03
 1.10997149e-03
 1.12999559e-03
 1.15057408e-03
 1.17172775e-03
 1.19347839e-03
 1.21584884e-03
 1.23886303e-03
 1.26254607e-03
 1.28692432e-03
 1.31202545e-03
 1.33787852e-03
 1.36451408e-03
 1.39196426e-03
 1.42026284e-03
 1.44944539e-03
 1.47954939e-03
 1.51061430e-03
 1.54268175e-03
 1.57579566e-03
 1.61000237e-03
 1.64535084e-03
 1.68189283e-03
 1.71968304e-03
 1.75877938e-03
 1.79924318e-03
 1.84113940e-03
 1.88453695e-03
 1.92950892e-03
 1.97613295e-03
 2.02449152e-03
 2.07467238e-03
 2.12676890e-03
 2.18088052e-03
 2.23711327e-03
 2.29558027e-03
 2.35640231e-03
 2.41970850e-03
 2.48563693e-03
 2.55433551e-03
 2.62596272e-03
 2.70068863e-03
 2.77869587e-03
 2.86018078e-03
 2.94535469e-03
 3.03444527e-03
 3.12769814e-03
 3.22537853e-03
 3.32777327e-03
 3.43519286e-03
 3.54797393e-03
 3.66648189e-03
 3.79111396e-03
 3.92230255e-03
 4.06051912e-03
 4.20627842e-03
 4.36014344e-03
 4.52273093e-03
 4.69471770e-03
 4.87684777e-03
 5.06994062e-03
 5.27490053e-03
 5.49272744e-03
 5.72452929e-03
 5.97153649e-03
 6.23511847e-03
 6.51680310e-03
 6.81829923e-03
 7.14152314e-03
 7.48862959e-03
 7.86204848e-03
 8.26452817e-03
 8.69918717e-03
 9.16957571e-03
 9.67974980e-03
 1.02343604e-02
 1.08387619e-02
 1.14991437e-02
 1.22226924e-02
 1.30177916e-02
 1.38942700e-02
 1.48637120e-02
 1.59398491e-02
 1.71390578e-02
 1.84809968e-02
 1.99894326e-02
