 7.19251592e-04
 7.28977789e-04
 7.38907168e-04
 7.49045492e-04
 7.59398732e-04
 7.69973076e-04
 7.80774935e-04
 7.91810957e-04
 8.03088038e-04
 8.14613330e-04
 8.26394252e-04
 8.38438509e-04
 8.50754096e-04
 8.63349318e-04
 8.76232801e-04
 8.89413510e-04
 9.02900764e-04
 9.16704250e-04
 9.30834045e-04
 9.45300635e-04
 9.60114929e-04
 9.75288289e-04
 9.90832546e-04
 1.00676002e-03
 1.02308357e-03
 1.03981658e-03
 1.05697301e-03
 1.07456744e-03
 1.09261508e-03
 1.11113180e-03
 1.13013419e-03
 1.14963958e-03
 1.16966608e-03
 1.19023264e-03
 1.21135907e-03
 1.23306612e-03
 1.25537549e-03
 1.27830995e-03
 1.30189332e-03
 1.32615062e-03
 1.35110805e-03
 1.37679313e-03
 1.40323475e-03
 1.43046327e-03
 1.45851057e-03
 1.48741020e-03
 1.51719745e-03
 1.54790945e-03
 1.57958534e-03
 1.61226634e-03
 1.64599592e-03
 1.68081995e-03
 1.71678683e-03
 1.75394772e-03
 1.79235666e-03
 1.83207082e-03
 1.87315072e-03
 1.91566041e-03
 1.95966782e-03
 2.00524494e-03
 2.05246821e-03
 2.10141878e-03
 2.15218291e-03
 2.20485236e-03
 2.25952481e-03
 2.31630430e-03
 2.37530178e-03
 2.43663565e-03
 2.50043237e-03
 2.56682715e-03
 2.63596464e-03
 2.70799980e-03
 2.78309875e-03
 2.86143978e-03
 2.94321444e-03
 3.02862872e-03
 3.11790441e-03
 3.21128059e-03
 3.30901525e-03
 3.41138714e-03
 3.51869781e-03
 3.63127393e-03
 3.74946979e-03
 3.87367023e-03
 4.00429383e-03
 4.14179656e-03
 4.28667586e-03
 4.43947531e-03
 4.60078983e-03
 4.77127170e-03
 4.95163733e-03
 5.14267501e-03
 5.34525378e-03
 5.56033364e-03
 5.78897726e-03
 6.03236350e-03
 6.29180308e-03
 6.56875677e-03
 6.86485662e-03
 7.18193068e-03
 7.52203218e-03
 7.88747375e-03
 8.28086801e-03
 8.70517571e-03
 9.16376327e-03
 9.66047161e-03
 1.01996992e-02
 1.07865026e-02
 1.14267189e-02
 1.21271156e-02
 1.28955752e-02
 1.37413249e-02
 1.46752222e-02
 1.57101161e-02
 1.68613034e-02
 1.81471144e-02
 1.95896681e-02
