 7.67439583e-04
 7.78521600e-04
 7.89845402e-04
 8.01418074e-04
 8.13246963e-04
 8.25339689e-04
 8.37704156e-04
 8.50348569e-04
 8.63281441e-04
 8.76511615e-04
 8.90048274e-04
 9.03900957e-04
 9.18079580e-04
 9.32594447e-04
 9.47456276e-04
 9.62676213e-04
 9.78265858e-04
 9.94237282e-04
 1.01060305e-03
 1.02737626e-03
 1.04457054e-03
 1.06220012e-03
 1.08027979e-03
 1.09882503e-03
 1.11785195e-03
 1.13737738e-03
 1.15741889e-03
 1.17799482e-03
 1.19912435e-03
 1.22082752e-03
 1.24312528e-03
 1.26603954e-03
 1.28959326e-03
 1.31381045e-03
 1.33871625e-03
 1.36433704e-03
 1.39070043e-03
 1.41783541e-03
 1.44577238e-03
 1.47454326e-03
 1.50418158e-03
 1.53472256e-03
 1.56620323e-03
 1.59866254e-03
 1.63214147e-03
 1.66668319e-03
 1.70233316e-03
 1.73913930e-03
 1.77715215e-03
 1.81642505e-03
 1.85701430e-03
 1.89897940e-03
 1.94238324e-03
 1.98729235e-03
 2.03377715e-03
 2.08191223e-03
 2.13177662e-03
 2.18345418e-03
 2.23703388e-03
 2.29261025e-03
 2.35028372e-03
 2.41016117e-03
 2.47235632e-03
 2.53699036e-03
 2.60419249e-03
 2.67410059e-03
 2.74686191e-03
 2.82263386e-03
 2.90158484e-03
 2.98389523e-03
 3.06975833e-03
 3.15938161e-03
 3.25298785e-03
 3.35081663e-03
 3.45312577e-03
 3.56019310e-03
 3.67231832e-03
 3.78982510e-03
 3.91306343e-03
 4.04241221e-03
 4.17828218e-03
 4.32111917e-03
 4.47140780e-03
 4.62967554e-03
 4.79649740e-03
 4.97250110e-03
 5.15837306e-03
 5.35486502e-03
 5.56280171e-03
 5.78308952e-03
 6.01672633e-03
 6.26481292e-03
 6.52856590e-03
 6.80933265e-03
 7.10860862e-03
 7.42805720e-03
 7.76953297e-03
 8.13510862e-03
 8.52710648e-03
 8.94813553e-03
 9.40113490e-03
 9.88942527e-03
 1.04167700e-02
 1.09874476e-02
 1.16063394e-02
 1.22790333e-02
 1.30119514e-02
 1.38125031e-02
 1.46892733e-02
 1.56522537e-02
 1.67131287e-02
 1.78856312e-02
 1.91859896e-02
 2.06334922e-02
 2.22512069e-02
 2.40669053e-02
 2.61142636e-02
